[
  1464648,
  1460560,
  1460439,
  1457739,
  1434708,
  1420439,
  1420294,
  1420292,
  1420289,
  1420285,
  1420278,
  1420276,
  1420273,
  1420270,
  1420217,
  1420209,
  1420204,
  1420199,
  1420195,
  1420192,
  1420187,
  1420185,
  1420183,
  1420182,
  1420345,
  1420343,
  1420340,
  1420338,
  1420335,
  1420332,
  1420330,
  1420328,
  1420325,
  1420320,
  1420319,
  1420317,
  1420606,
  1420300,
  1420297,
  1420519,
  1420512,
  1420418,
  1420414,
  1420412,
  1420404,
  1420402,
  1420399,
  1420398,
  1420396,
  1420611,
  1420492,
  1379891,
  1409041,
  1405735,
  1368947,
  1345024,
  1344208,
  1345449,
  1319123,
  1254934,
  1218443,
  1217713,
  1217850,
  400595,
  400734,
  456520,
  209686,
  215589,
  204616,
  204820,
  205289,
  170717,
  171078
]