[
  1233417,
  1093587,
  1144397,
  1093726,
  1184952,
  1087516,
  742702,
  741839,
  391518,
  391301,
  391319,
  391694,
  391466,
  391445,
  391844,
  391798,
  391918,
  392413,
  391139,
  391396,
  391362,
  391341,
  391418,
  391938,
  391961,
  391122,
  391625,
  391599,
  1235679,
  392171,
  392194,
  391823,
  391569,
  391547,
  1377668,
  1357532,
  1329603,
  1336054,
  1377839,
  1000458,
  819170,
  1088861,
  553639,
  1357542,
  1377689,
  1377622,
  1377648,
  1377660,
  1357510,
  1377679,
  1357524,
  1150603,
  575208,
  575170,
  575314,
  1149471,
  1150574,
  575809,
  635463,
  1046727,
  487179,
  792229,
  787454,
  1384671,
  792084,
  1335938,
  1053815,
  1384684,
  1384636,
  376400,
  1384657,
  1362872,
  242494,
  669501,
  1361984,
  470221,
  951879,
  1375498,
  1175819,
  645966,
  959503,
  959495,
  959460,
  570186,
  570257,
  1382659,
  1291594,
  569745,
  569879,
  1065847,
  1065537,
  1065711,
  1065744,
  1065753,
  574572,
  462886,
  575004,
  575105,
  519676,
  1319720,
  1119642,
  1344151,
  519699,
  1144784,
  1184947,
  377552,
  1251887,
  1334096,
  1258667,
  1210101,
  24841,
  48629,
  587995,
  1106669,
  539833,
  540805,
  587091,
  961820,
  958532,
  1268779,
  837046,
  767127,
  767478,
  1316778,
  754277,
  754250,
  754221,
  754191,
  754155,
  754109,
  754063,
  753988,
  753952,
  753911,
  754323,
  754353,
  767445,
  73322,
  836497,
  836523,
  836561,
  836648,
  836696,
  836743,
  458192,
  501094,
  501226,
  501206,
  501564,
  501465,
  501517,
  501183,
  501129,
  645679,
  740686,
  1227946,
  501332,
  645550,
  1352199,
  698791,
  699414,
  645723,
  645857,
  609383,
  765843,
  313973,
  836182,
  1009830,
  1216545,
  1308933,
  1321462,
  1346566,
  933590,
  608552,
  1355753,
  739453,
  79504,
  177860,
  1321431,
  958237,
  933663,
  933617,
  1192048,
  608537,
  608534,
  958681,
  73555,
  306590,
  391495,
  231934,
  587063,
  1226392,
  1258821,
  483398,
  1313427,
  1321137,
  422129,
  460304,
  1350837,
  1313203,
  1313397,
  1311390,
  1311408,
  1314039,
  1312965,
  1313007,
  1311928,
  1313716,
  1313731,
  1313750,
  1313470,
  1313514,
  1313606,
  1313555,
  1313586,
  1313621,
  1313648,
  1313698,
  1313825,
  1313864,
  1313883,
  1313905,
  1313923,
  1313979,
  1313998,
  1314016,
  1311446,
  1311464,
  1311628,
  1311659,
  1311679,
  1313808,
  1312924,
  60590,
  175157,
  175136,
  25399,
  175119,
  174560,
  958253,
  961199,
  960870,
  963686,
  962914,
  38615,
  962929,
  803969,
  958525,
  962119,
  417868,
  314247,
  320162,
  418256,
  417743,
  319913,
  319887,
  319966,
  319948,
  319956,
  319940,
  319875,
  325731,
  320026,
  319920,
  320008,
  319930,
  320033,
  314306,
  314291,
  325884,
  417836,
  315280,
  320013,
  314432,
  320078,
  320069,
  319995,
  319974,
  314265,
  314390,
  314280,
  417773,
  417819,
  1279533,
  690065,
  417789,
  314326,
  314384,
  314365,
  314332,
  314360,
  314341,
  314299,
  314370,
  314269,
  314420,
  314451,
  314395,
  314457,
  319870,
  319852,
  319861,
  319986,
  320107,
  320047,
  320038,
  320084,
  319845,
  315300,
  417703,
  417723,
  312568,
  114032,
  306630,
  306669,
  306685,
  192001,
  133143,
  306606,
  192019,
  1294000,
  1293987,
  1294030,
  192007,
  1294016,
  693080,
  373413,
  846208,
  373441,
  1293992,
  481957,
  846115,
  188129,
  1296609,
  1293963,
  269760,
  587627,
  194173,
  194170,
  240117,
  314084,
  176537,
  172630,
  175412,
  175428,
  173995,
  175454,
  764273,
  764749,
  711615,
  711497,
  711703,
  764179,
  711460,
  1232125,
  1290294,
  779576,
  1235383,
  175386,
  176048,
  176993,
  176791,
  176828,
  169304,
  177381,
  177467,
  179396,
  176656,
  176727,
  176695,
  176710,
  177611,
  177571,
  177489,
  177426,
  177413,
  177397,
  177440,
  93237,
  1095654,
  1198001,
  636259,
  587877,
  1121613,
  1088175,
  553516,
  820986,
  176751,
  175682,
  175769,
  172674,
  179823,
  175831,
  175891,
  175883,
  175840,
  176064,
  179814,
  1087587,
  233650,
  263850,
  247001,
  263725,
  263700,
  305826,
  274433,
  247128,
  263761,
  196298,
  305915,
  305885,
  276441,
  276446,
  278068,
  305854,
  263796,
  269487,
  274402,
  274441,
  263817,
  263782,
  276414,
  309597,
  269505,
  306002,
  309580,
  276475,
  306032,
  305974,
  263832,
  286308,
  267768,
  305665,
  269463,
  305589,
  270158,
  270162,
  305050,
  325506,
  211035,
  288328,
  113370,
  246350,
  246583,
  246791,
  276485,
  273300,
  273328,
  273598,
  287606,
  304898,
  304915,
  231703,
  231559,
  273418,
  231567,
  306195,
  192634,
  273427,
  273438,
  220472,
  192392,
  267954,
  266646,
  266659,
  276509,
  192420,
  231744,
  231726,
  286434,
  276519,
  267969,
  192452,
  192442,
  192597,
  192617,
  181622,
  267992,
  267941,
  267950,
  267975,
  268004,
  267986,
  267999,
  277511,
  277521,
  277498,
  270465,
  192775,
  307033,
  231917,
  219920,
  306665,
  306268,
  266961,
  266576,
  266763,
  270268,
  266787,
  192430,
  270171,
  306231,
  270177,
  270182,
  231795,
  192455,
  192691,
  220489,
  266879,
  287612,
  266917,
  266602,
  220517,
  269992,
  267087,
  266751,
  266738,
  193297,
  266712,
  280659,
  280653,
  280947,
  266801,
  266813,
  287608,
  273286,
  270577,
  270509,
  266673,
  266633,
  266621,
  266691,
  270292,
  267267,
  267461,
  267487,
  267305,
  267291,
  266973,
  267197,
  270483,
  270470,
  220207,
  267329,
  267181,
  267363,
  267689,
  267510,
  267778,
  267241,
  267662,
  267279,
  267503,
  286412,
  267586,
  237468,
  237465,
  267800,
  267790,
  267742,
  281977,
  267897,
  269942,
  267536,
  269968,
  269964,
  267634,
  267728,
  267717,
  273403,
  273361,
  273371,
  273383,
  267915,
  273389,
  270275,
  267704,
  286424,
  267710,
  270194,
  267522,
  280842,
  276562,
  267596,
  269895,
  273408,
  268071,
  270115,
  268087,
  269936,
  268056,
  268045,
  268164,
  269903,
  269908,
  268065,
  269886,
  267812,
  269844,
  267925,
  267935,
  268020,
  326050,
  273541,
  273515,
  273507,
  273455,
  273340,
  267829,
  268177,
  276569,
  270135,
  220128,
  220163,
  220192,
  220286,
  276531,
  270033,
  273614,
  273552,
  270401,
  270433,
  273634,
  270439,
  274319,
  274362,
  270447,
  274349,
  274340,
  273624,
  270452,
  270374,
  270391,
  313266,
  220084,
  220624,
  270140,
  276582,
  270149,
  276589,
  270216,
  276594,
  270202,
  270088,
  270100,
  219934,
  220110,
  270049,
  269916,
  271408,
  270125,
  276552,
  270260,
  270257,
  278047,
  273591,
  234437,
  234443,
  270006,
  270023,
  270489,
  281081,
  283121,
  277327,
  277385,
  277314,
  277298,
  277369,
  277357,
  270872,
  277285,
  270949,
  270935,
  277227,
  276740,
  270960,
  270993,
  276612,
  278821,
  277248,
  277272,
  276670,
  276695,
  276678,
  276712,
  276720,
  276766,
  270819,
  276660,
  276628,
  276731,
  277196,
  277159,
  277151,
  276640,
  277211,
  277168,
  277187,
  282583,
  283134,
  277071,
  276754,
  195924,
  220364,
  273499,
  276543,
  270316,
  273484,
  270307,
  273492,
  273471,
  278079,
  220552,
  273607,
  220424,
  271153,
  277459,
  278437,
  278041,
  278448,
  278018,
  277403,
  196290,
  277392,
  196292,
  271058,
  277651,
  278004,
  278404,
  288882,
  196091,
  281032,
  281020,
  232494,
  278190,
  265345,
  196312,
  265341,
  265328,
  196306,
  278209,
  278202,
  196275,
  282803,
  278216,
  277939,
  278227,
  278456,
  278462,
  278107,
  279459,
  211584,
  211553,
  271941,
  279472,
  279488,
  279240,
  279189,
  279623,
  279679,
  279644,
  279671,
  279250,
  279662,
  279517,
  279430,
  279497,
  306562,
  279508,
  280999,
  280977,
  280974,
  211366,
  283091,
  280676,
  297055,
  280668,
  280645,
  280632,
  279584,
  279997,
  279925,
  279933,
  283109,
  279615,
  279609,
  279559,
  279572,
  279717,
  279710,
  279704,
  279652,
  279698,
  279633,
  279686,
  279783,
  279773,
  306364,
  273216,
  273231,
  272783,
  272757,
  219712,
  279759,
  324178,
  273140,
  279599,
  306506,
  273115,
  273080,
  279841,
  280813,
  272930,
  280820,
  272916,
  280804,
  280788,
  272902,
  279548,
  279989,
  279538,
  280767,
  280704,
  291265,
  279525,
  279880,
  283082,
  286586,
  283077,
  286469,
  283070,
  283059,
  280697,
  283049,
  280690,
  278605,
  278529,
  196364,
  271448,
  278143,
  278384,
  278374,
  196162,
  278486,
  279015,
  278535,
  271134,
  278166,
  278263,
  271344,
  271361,
  278478,
  210808,
  211442,
  210786,
  196331,
  278420,
  278429,
  278306,
  278233,
  271182,
  271273,
  280606,
  271309,
  280575,
  278117,
  279032,
  232478,
  279041,
  280047,
  278316,
  280124,
  278327,
  278149,
  278296,
  232462,
  232470,
  277532,
  281072,
  281060,
  266277,
  281041,
  232562,
  278642,
  278632,
  278677,
  280855,
  280892,
  271475,
  278664,
  278735,
  278726,
  196748,
  197069,
  279024,
  280131,
  196873,
  278569,
  197080,
  197124,
  281113,
  281090,
  278845,
  278546,
  278834,
  278693,
  196862,
  278743,
  196737,
  196730,
  280829,
  196396,
  196774,
  196393,
  196559,
  278798,
  278789,
  196531,
  196414,
  196403,
  278470,
  286453,
  196463,
  279344,
  279360,
  279381,
  278512,
  278518,
  196426,
  196707,
  278554,
  278612,
  278364,
  278625,
  278496,
  278559,
  278922,
  278917,
  196497,
  278595,
  232750,
  280214,
  265303,
  265311,
  265316,
  273268,
  273253,
  282569,
  282540,
  282548,
  295321,
  232676,
  280199,
  297109,
  283155,
  283105,
  280548,
  280041,
  282747,
  280186,
  273294,
  232643,
  306479,
  325210,
  280021,
  280142,
  281128,
  280153,
  236682,
  280158,
  238988,
  280222,
  286485,
  279985,
  279952,
  280098,
  272795,
  281122,
  279917,
  232662,
  280175,
  307045,
  270493,
  265991,
  265440,
  265435,
  265412,
  282698,
  282709,
  282814,
  282705,
  266027,
  266002,
  282808,
  281676,
  281661,
  281701,
  281703,
  281711,
  306949,
  281686,
  265500,
  282773,
  282777,
  282326,
  282341,
  273827,
  273798,
  287619,
  282887,
  265385,
  282877,
  295028,
  281632,
  296022,
  295963,
  295922,
  232967,
  282742,
  282731,
  282466,
  282462,
  282950,
  282915,
  282919,
  282854,
  282937,
  306701,
  282942,
  282926,
  282863,
  282907,
  282456,
  270833,
  306828,
  282311,
  264873,
  239299,
  239272,
  282762,
  282899,
  273781,
  282892,
  282955,
  233124,
  282820,
  287652,
  282438,
  306743,
  282790,
  282788,
  233060,
  233350,
  233269,
  233038,
  286474,
  306159,
  276422,
  264842,
  237496,
  233310,
  233291,
  282360,
  282643,
  264757,
  264768,
  264775,
  264788,
  264802,
  233222,
  273983,
  274003,
  286496,
  306801,
  282673,
  237508,
  237504,
  282493,
  282483,
  237476,
  239204,
  239186,
  239171,
  273946,
  273929,
  281334,
  282617,
  306764,
  282638,
  237490,
  282500,
  285171,
  286498,
  239128,
  239122,
  239108,
  273914,
  239101,
  273898,
  273881,
  282608,
  239149,
  239159,
  282655,
  273961,
  237773,
  238793,
  237767,
  238779,
  238819,
  251222,
  282421,
  282531,
  282524,
  282516,
  354085,
  354110,
  239328,
  239310,
  273868,
  314705,
  282478,
  273845,
  282959,
  282416,
  282175,
  282183,
  260374,
  260365,
  232147,
  238907,
  260265,
  238921,
  238891,
  264371,
  264352,
  264358,
  239005,
  233853,
  239060,
  239048,
  264386,
  233523,
  281692,
  286503,
  238964,
  238943,
  306980,
  296110,
  296571,
  295799,
  239034,
  260251,
  260335,
  260201,
  239089,
  260170,
  260178,
  287621,
  239024,
  239078,
  260056,
  260107,
  260046,
  260035,
  260231,
  260422,
  239232,
  306882,
  260340,
  260349,
  260353,
  260223,
  260407,
  260386,
  260397,
  260116,
  324157,
  295664,
  295642,
  295610,
  282060,
  274647,
  274624,
  282045,
  282023,
  282054,
  233788,
  271321,
  252738,
  252698,
  281645,
  282071,
  282067,
  282008,
  281477,
  281482,
  234261,
  282014,
  281997,
  281984,
  246149,
  286510,
  234331,
  286508,
  239356,
  281344,
  281437,
  306921,
  282189,
  260212,
  260152,
  260122,
  260139,
  234293,
  260158,
  282220,
  232113,
  234403,
  232111,
  282204,
  274588,
  304015,
  252602,
  354049,
  354034,
  281636,
  354011,
  274532,
  274546,
  281718,
  289630,
  289682,
  282168,
  282077,
  233732,
  233706,
  287628,
  294979,
  287630,
  281653,
  282123,
  252639,
  287631,
  294733,
  294892,
  313212,
  294787,
  294940,
  294814,
  294870,
  282148,
  285247,
  285234,
  282210,
  295564,
  295869,
  265482,
  286589,
  265576,
  282392,
  282385,
  270548,
  278325,
  265505,
  270614,
  283189,
  283237,
  265511,
  265493,
  282692,
  265271,
  265280,
  265291,
  265448,
  266161,
  287618,
  283217,
  283202,
  283229,
  237749,
  237740,
  237734,
  232855,
  283177,
  236786,
  283246,
  283254,
  283263,
  770340,
  306615,
  283164,
  232781,
  282602,
  282562,
  282555,
  210943,
  210959,
  271651,
  279054,
  210425,
  279120,
  278970,
  286459,
  278966,
  271629,
  278981,
  278931,
  278939,
  278944,
  279594,
  270219,
  278955,
  278886,
  278908,
  278900,
  298722,
  278891,
  211532,
  280624,
  197330,
  211152,
  197502,
  197450,
  197460,
  210696,
  210675,
  210735,
  278770,
  278859,
  278853,
  197476,
  197494,
  278657,
  278652,
  210655,
  210623,
  232582,
  278808,
  278881,
  278577,
  281133,
  271551,
  278868,
  278757,
  283018,
  283041,
  281143,
  196382,
  263682,
  274392,
  274423,
  274451,
  246849,
  267029,
  267040,
  231963,
  267475,
  270323,
  267070,
  266951,
  267059,
  267110,
  267562,
  267548,
  267077,
  267017,
  267372,
  270301,
  270282,
  266824,
  266840,
  220270,
  220237,
  220303,
  267212,
  193205,
  267466,
  267164,
  267129,
  266698,
  282794,
  278291,
  277546,
  277574,
  277560,
  271008,
  278251,
  278242,
  277484,
  277473,
  277427,
  286445,
  277410,
  196024,
  196262,
  276619,
  211638,
  286463,
  279444,
  272024,
  272060,
  271723,
  279414,
  279210,
  211003,
  279198,
  282592,
  271842,
  271775,
  211197,
  232611,
  211282,
  279130,
  279164,
  211071,
  278991,
  280716,
  280881,
  279153,
  280872,
  279087,
  280865,
  279139,
  211224,
  279000,
  279174,
  279180,
  265424,
  265375,
  265364,
  266045,
  266056,
  298961,
  298989,
  265357,
  265324,
  265395,
  265518,
  265404,
  266097,
  265466,
  265453,
  282719,
  282713,
  265473,
  265565,
  282765,
  232954,
  282753,
  237726,
  266079,
  237716,
  237702,
  237693,
  237681,
  237525,
  237522,
  237520,
  286487,
  237515,
  237512,
  237510,
  770321,
  295155,
  295382,
  232179,
  232201,
  353993,
  295263,
  232158,
  234362,
  235627,
  238881,
  289283,
  233477,
  264747,
  264320,
  264729,
  264345,
  264335,
  274112,
  238868,
  264809,
  289292,
  264827,
  252567,
  252543,
  252509,
  252490,
  252447,
  282368,
  282375,
  264867,
  237497,
  237498,
  237500,
  183200,
  350478,
  365724,
  350561,
  350504,
  350367,
  191294,
  191324,
  191366,
  191358,
  191344,
  160019,
  160028,
  191407,
  159698,
  159922,
  159452,
  159445,
  159448,
  159443,
  191440,
  159635,
  159544,
  159962,
  183219,
  192445,
  363317,
  183120,
  192492,
  183149,
  359855,
  359878,
  192513,
  191693,
  359910,
  183173,
  299026,
  350421,
  350400,
  159941,
  234448,
  159653,
  159950,
  159659,
  159643,
  159674,
  159690,
  159933,
  159432,
  159439,
  192501,
  234501,
  192438,
  359938,
  359972,
  360007,
  359991,
  1319137,
  1191280,
  1191306,
  1191289,
  1191192,
  1191243,
  1191329,
  1191260,
  1319156,
  1217434,
  1217741,
  1333954,
  259117,
  30616,
  64493,
  64540,
  64535,
  50176,
  172727,
  172956,
  272502,
  272521,
  272543,
  172794,
  172776,
  49934,
  148486,
  148366,
  20987,
  21022,
  276056,
  172904,
  276027,
  276092,
  272729,
  276085,
  272531,
  64544,
  64552,
  64554,
  65733,
  64547,
  21052,
  272462,
  61435,
  61430,
  277103,
  272693,
  272723,
  277006,
  21019,
  258153,
  50099,
  50633,
  49992,
  277136,
  39521,
  65749,
  172758,
  65745,
  65738,
  272549,
  272537,
  272575,
  276041,
  276019,
  257642,
  50049,
  21017,
  272453,
  275266,
  275274,
  258794,
  258604,
  258703,
  272558,
  50005,
  49924,
  276114,
  272434,
  172864,
  172815,
  272491,
  61451,
  61444,
  277084,
  21042,
  50648,
  206520,
  148403,
  148406,
  148399,
  148396,
  148385,
  148390,
  272410,
  148383,
  148378,
  148376,
  276010,
  21369,
  276107,
  221613,
  272568,
  272473,
  50032,
  272446,
  49937,
  21039,
  50097,
  22396,
  64487,
  64481,
  50088,
  39525,
  50044,
  49959,
  43610,
  20989,
  64520,
  264316,
  258701,
  276555,
  257634,
  258669,
  258698,
  258654,
  258320,
  258339,
  258357,
  21058,
  21056,
  221431,
  258451,
  258431,
  272565,
  272712,
  257631,
  258366,
  49906,
  61423,
  65760,
  64531,
  64525,
  40420,
  20984,
  20982,
  64517,
  21027,
  21033,
  258173,
  258164,
  258172,
  214040,
  258659,
  272528,
  221276,
  272514,
  276002,
  275252,
  275258,
  272683,
  272675,
  272667,
  276587,
  276564,
  148444,
  258571,
  148430,
  148437,
  148435,
  148408,
  148428,
  49913,
  49915,
  49910,
  1210567,
  1212963,
  1213513,
  970227,
  1210751,
  1211510,
  969572,
  1104029,
  1104049,
  1126942,
  1212832,
  1212003,
  1166620,
  1178961,
  1125205,
  1125111,
  1126736,
  1235999,
  1211869,
  1315836,
  1315854,
  1315937,
  1316214,
  1316711,
  1316723,
  1315980,
  1316084,
  1316013,
  1316042,
  1316576,
  1316119,
  1315956,
  1283954,
  1283950,
  1283941,
  1231486,
  1231462,
  1316199,
  1318183,
  1316274,
  1316151,
  1316556,
  1316324,
  1316695,
  1316661,
  1316671,
  1316683,
  1283938,
  1283933,
  1281596,
  1274695,
  1274704,
  1274632,
  1274664,
  1274673,
  1274688,
  1274609,
  1274733,
  1274725,
  1274717,
  1274347,
  1274356,
  1274759,
  1274405,
  1274378,
  1274368,
  1274394,
  1274387,
  1274318,
  1274467,
  1274492,
  1274618,
  1274742,
  1274335,
  1274585,
  1274202,
  1281667,
  1281611,
  1281655,
  1281624,
  1281637,
  1274458,
  1274416,
  1274751,
  1274501,
  1316653,
  1316617,
  1316630,
  1316603,
  1281682,
  1281686,
  1274243,
  1274229,
  1281676,
  1274513,
  1274529,
  1274552,
  1274564,
  1274323,
  1274052,
  1274044,
  1274083,
  1274090,
  1274262,
  1274249,
  1274080,
  1274073,
  1274062,
  1274069,
  1274034,
  1274024,
  1274028,
  1274099,
  1274138,
  1274145,
  1274153,
  1274057,
  1316977,
  1316773,
  1316756,
  1316819,
  1316794,
  1316831,
  1317009,
  1316851,
  1316943,
  1316994,
  1316965,
  1317032,
  1231630,
  1231616,
  1281694,
  1231549,
  1231433,
  1231395,
  1231412,
  1231350,
  1231694,
  1231511,
  1231315,
  1231300,
  1231718,
  1283947,
  1231529,
  1231601,
  1231584,
  1283959,
  1283960,
  1283958,
  1370551,
  1370558,
  1370545,
  1370512,
  1370569,
  1370578,
  1370592,
  1370503,
  1370467,
  1370485,
  1370491,
  1371288,
  1370442,
  171124,
  170847,
  170838,
  170777,
  170752,
  170764,
  171425,
  171411,
  171448,
  171484,
  205449,
  184410,
  149804,
  148268,
  148245,
  109670,
  79288,
  194477,
  194475,
  194431,
  194432,
  194515,
  194510,
  194502,
  194374,
  194320,
  194521,
  194379,
  194480,
  194481,
  194483,
  194486,
  194479,
  194382,
  142429,
  194372,
  194369,
  194365,
  194358,
  194326,
  194388,
  194394,
  194420,
  194398,
  194415,
  194403,
  194401,
  194418,
  780131,
  575199,
  1047468,
  487222,
  237501,
  506777,
  1357401,
  1268538,
  1317413,
  574103,
  1237405,
  1382712,
  702753,
  765762,
  377346,
  777569,
  1334078,
  838737,
  780058
]