[
  1055848,
  1055996,
  1055906,
  1055589,
  1055599,
  1055612,
  1055647,
  1225376,
  1056022,
  1055834,
  1055808,
  1055789,
  1055675,
  1225351,
  1055921,
  1055962,
  1055887,
  1055728,
  1056009,
  1055979,
  1055739,
  1055713,
  1055771,
  1055701,
  1055693,
  1055780,
  1055863,
  1055872,
  1055657,
  1055624,
  1055636,
  1055899,
  1055748,
  1055934,
  1055986,
  1056036,
  1056046,
  1055823,
  1055758,
  1093633,
  859492,
  861132,
  860024,
  859392,
  489842,
  114079,
  457661,
  946794,
  458205,
  234934,
  234809,
  234644,
  234957,
  234940,
  912774,
  912720,
  1087687,
  234697,
  234818,
  1169290,
  937427,
  937431,
  937434,
  937413,
  1177149,
  937415,
  261044,
  457494,
  925882,
  212918,
  937417,
  937452,
  937419,
  937422,
  937424,
  937426,
  937443,
  937444,
  1065027,
  937446,
  1177158,
  1177185,
  1307658,
  937460,
  1307680,
  1286534,
  937449,
  1177136,
  1169314,
  937402,
  937399,
  937406,
  937397,
  937408,
  937410,
  836259,
  124042,
  237221,
  1386755,
  1386766,
  46333,
  915244,
  391248,
  391268,
  391287,
  391157,
  391212,
  391180,
  391229,
  391200,
  26168,
  539025,
  915273,
  915258,
  61114,
  1710,
  45970,
  95245,
  19049,
  19153,
  19147,
  818,
  817,
  4849,
  61241,
  26328,
  26323,
  708675,
  52700,
  32703,
  914933,
  937748,
  920905,
  3114,
  3129,
  3132,
  2264,
  3125,
  3127,
  3117,
  2295,
  3120,
  55094,
  222026,
  19507,
  20013,
  48282,
  45999,
  48252,
  46066,
  1083705,
  1083761,
  805222,
  778776,
  1053776,
  279326,
  279394,
  279246,
  1083594,
  1083653,
  948539,
  1092849,
  899940,
  897211,
  1399708,
  42985,
  42901,
  348988,
  541452,
  38470,
  709031,
  242309,
  338249,
  61160,
  47217,
  78748,
  1398560,
  1398547,
  1399682,
  1399614,
  25065,
  24823,
  54513,
  42832,
  42988,
  19985,
  526106,
  526047,
  526388,
  1075838,
  1243978,
  1041532,
  1049067,
  1048646,
  1160184,
  940808,
  977199,
  1054639,
  1218079,
  259429,
  990000,
  872903,
  872868,
  1086814,
  1384701,
  469990,
  938373,
  276624,
  276657,
  470030,
  470065,
  223899,
  1241884,
  1395825,
  1004486,
  671162,
  1065989,
  1263749,
  1258659,
  1181423,
  712443,
  712463,
  976741,
  1045606,
  286026,
  176031,
  3457,
  25172,
  889453,
  46987,
  1160093,
  1160143,
  1160163,
  959649,
  959725,
  2969,
  36767,
  277169,
  276689,
  276739,
  470535,
  44988,
  86757,
  86745,
  18894,
  34716,
  6383,
  33920,
  81048,
  47320,
  47353,
  47296,
  47436,
  47244,
  47261,
  35,
  34,
  37,
  324,
  345,
  297,
  304,
  1068,
  1067,
  1055,
  1049,
  232579,
  232531,
  232570,
  86327,
  36661,
  41178,
  103835,
  48109,
  41195,
  41202,
  393,
  92966,
  42976,
  42974,
  51251,
  276904,
  570355,
  298429,
  298335,
  298384,
  276827,
  470650,
  277043,
  277012,
  301249,
  301211,
  301129,
  1114,
  102223,
  1075,
  1083,
  1085,
  963,
  1090,
  8291,
  69716,
  1117,
  938369,
  1050730,
  1050814,
  404691,
  1194271,
  457125,
  51250,
  38538,
  38283,
  1594,
  865,
  367,
  3126,
  1599,
  2288,
  1061,
  59756,
  191793,
  6422,
  29379,
  44012,
  4837,
  19342,
  19347,
  19288,
  61245,
  45236,
  76178,
  74668,
  5330,
  29560,
  9474,
  116485,
  99328,
  70356,
  7319,
  802686,
  460604,
  574940,
  719748,
  720817,
  719732,
  719711,
  719692,
  720802,
  720785,
  720769,
  720753,
  629545,
  193213,
  668337,
  95206,
  60029,
  2237,
  2210,
  888,
  897,
  2226,
  2229,
  67064,
  92674,
  99249,
  105777,
  99230,
  72079,
  72077,
  141872,
  41623,
  14052,
  14209,
  18667,
  13756,
  107029,
  107385,
  110404,
  98676,
  219330,
  41688,
  41628,
  41666,
  41651,
  86945,
  12968,
  12912,
  12878,
  12634,
  146136,
  980478,
  976126,
  843493,
  89448,
  91354,
  19483,
  11743,
  8367,
  19336,
  84142,
  402,
  1691,
  665237,
  661306,
  665216,
  665192,
  2232,
  69817,
  173316,
  31751,
  80755,
  173667,
  80904,
  80839,
  41216,
  41160,
  41196,
  41173,
  41214,
  19322,
  2248,
  2218,
  61666,
  61687,
  182997,
  629499,
  720123,
  720409,
  720446,
  720459,
  521607,
  720096,
  149397,
  400,
  1062,
  720104,
  720112,
  408793,
  408837,
  720089,
  719934,
  323,
  364,
  399,
  594,
  604,
  398,
  397,
  969,
  1086,
  140752,
  219520,
  9541,
  178090,
  15629,
  31440,
  308773,
  55157,
  60507,
  60523,
  178323,
  118680,
  53475,
  35658,
  1134353,
  106524,
  173827,
  174087,
  166071,
  189609,
  173871,
  679249,
  191847,
  103881,
  19273,
  48314,
  719909,
  112913,
  9258,
  25948,
  136470,
  86231,
  25584,
  25309,
  25597,
  60151,
  113845,
  103396,
  105674,
  889667,
  212983,
  86154,
  42922,
  42932,
  20189,
  1707,
  38381,
  1605,
  1603,
  2975,
  118808,
  144643,
  99291,
  2202,
  2198,
  42935,
  42998,
  42918,
  42913,
  42982,
  42925,
  42939,
  42960,
  42957,
  42993,
  50231,
  41293,
  50280,
  48115,
  27844,
  242262,
  38704,
  37825,
  38887,
  579989,
  577870,
  11765,
  576865,
  577463,
  579680,
  579594,
  920423,
  920397,
  920374,
  580076,
  579869,
  931900,
  579843,
  579901,
  579808,
  919867,
  106403,
  177635,
  50236,
  33902,
  38462,
  25576,
  579641,
  580175,
  919679,
  580149,
  919850,
  919836,
  919762,
  919727,
  580236,
  919656,
  580268,
  580297,
  580203,
  579162,
  579082,
  579045,
  579017,
  578926,
  578891,
  578856,
  578956,
  578988,
  579539,
  579520,
  578811,
  578782,
  346971,
  405232,
  720473,
  720485,
  720396,
  103337,
  915230,
  11780,
  32721,
  578644,
  578612,
  578543,
  577371,
  920772,
  920701,
  920683,
  920491,
  920589,
  920538,
  920473,
  920459,
  920436,
  921349,
  921323,
  921210,
  576732,
  575178,
  577913,
  577960,
  578035,
  578408,
  578435,
  577640,
  578469,
  48074,
  41138,
  1395578,
  1395566,
  193825,
  25456,
  77188,
  105574,
  578501,
  928193,
  928214,
  579212,
  579360,
  579295,
  579267,
  579501,
  579443,
  579394,
  920945,
  1055816,
  859617,
  489810,
  1169304,
  1166472,
  38848,
  931887,
  666158,
  1226638,
  78310,
  920925,
  920909,
  920834,
  920849,
  920871,
  920650,
  920566,
  920612,
  920753,
  920731,
  920790,
  921712,
  921694,
  919986,
  919931,
  927558,
  919909,
  919885,
  919781,
  919815,
  919707,
  920963,
  920980,
  921490,
  921445,
  921388,
  580125,
  984643,
  985064,
  699417,
  1045887,
  1011583,
  986636,
  1404595,
  1329852,
  1329837,
  1182217,
  1319075,
  1329860,
  1404436,
  1414389,
  1409075,
  1414401,
  1404624,
  1329826,
  1330133,
  41599,
  41607,
  41595,
  41683,
  80720,
  72545,
  45549,
  41643,
  41635,
  12544,
  9105,
  52789,
  47366,
  47540,
  38556,
  47552,
  47549,
  2225,
  2196,
  526518,
  526345,
  526785,
  66403,
  124465,
  38605,
  38569,
  173627,
  1246932,
  1017766,
  1018332,
  1017001,
  1018408,
  1017434,
  1016818,
  2193,
  1424,
  1016726,
  1018505,
  1017160,
  1017244,
  1017326,
  1017368,
  1018470,
  1018566,
  243258,
  1221974,
  988862,
  988858,
  988891,
  1069383,
  981480,
  1101291,
  1069336,
  1069348,
  1069463,
  1215200,
  100471,
  100805,
  435353,
  1083883,
  1069327,
  868168,
  868162,
  1221988,
  867906,
  867765,
  867747,
  1285968,
  1259934,
  1132442,
  1221927,
  1221922,
  1221914,
  1221843,
  1021872,
  867932,
  867846,
  1221894,
  934127,
  1221886,
  1069262,
  1221943,
  934427,
  981867,
  867854,
  130895,
  199465,
  3133,
  5318,
  1440,
  1448,
  735,
  128368,
  126411,
  1285985,
  988930,
  1021958,
  984271,
  1101261,
  868070,
  1259933,
  1227060,
  1259932,
  1285959,
  1227071,
  1218016,
  1069370,
  867805,
  1221837,
  1022019,
  988881,
  988845,
  988849,
  1221824,
  1021903,
  1259937,
  867864,
  867811,
  1221906,
  867998,
  868058,
  1285979,
  1221850,
  867869,
  927884,
  988836,
  867950,
  867990,
  867789,
  1101439,
  929640,
  934455,
  981876,
  988921,
  1281440,
  1224184,
  1224183,
  1259935,
  1021915,
  1259936,
  988825,
  1021833,
  1130774,
  1021815,
  988818,
  1281412,
  961597,
  658658,
  128013,
  739,
  4314,
  124374,
  646786,
  126714,
  668604,
  677073,
  49091,
  1047,
  877,
  876,
  875,
  878,
  873,
  1059,
  550204,
  889004,
  1281431,
  1021583,
  867702,
  867729,
  935342,
  1133697,
  1133766,
  868115,
  541757,
  1106336,
  540935,
  1109726,
  958901,
  961531,
  542728,
  541304,
  951113,
  950764,
  950776,
  950752,
  950951,
  950962,
  950803,
  950902,
  950896,
  950814,
  950829,
  950871,
  950920,
  950925,
  950934,
  950944,
  950993,
  950983,
  950979,
  951009,
  951015,
  951002,
  951033,
  951139,
  951146,
  951107,
  951102,
  719768,
  719780,
  719798,
  720832,
  720369,
  720854,
  719808,
  719948,
  720872,
  720953,
  720944,
  1142885,
  720891,
  720903,
  31977,
  31938,
  182222,
  285,
  306,
  296,
  344,
  315,
  283,
  282,
  329,
  327,
  313,
  951018,
  950910,
  950964,
  950968,
  1227694,
  1227700,
  951051,
  951066,
  951073,
  951081,
  951028,
  1227674,
  1227678,
  1227685,
  951004,
  951130,
  951024,
  1227705,
  951119,
  950796,
  950789,
  951122,
  1227719,
  629681,
  629799,
  629855,
  629886,
  708782,
  708740,
  888857,
  759971,
  370,
  120,
  38,
  318,
  40,
  629647,
  286143,
  1142906,
  720326,
  720315,
  720304,
  54710,
  72568,
  18261,
  59898,
  24819,
  1419,
  1432,
  1450,
  720291,
  720276,
  720918,
  720935,
  708792,
  806157,
  806062,
  888728,
  1078442,
  719254,
  80733,
  52392,
  27072,
  1449,
  717,
  175614,
  1079682,
  1078282,
  1078534,
  1083048,
  1078464,
  1078482,
  1078516,
  719160,
  647035,
  9002,
  27094,
  720615,
  719576,
  720600,
  1425,
  18341,
  24821,
  120078,
  184573,
  719557,
  521724,
  720581,
  720552,
  719540,
  720541,
  720525,
  720513,
  720501,
  1078499,
  543521,
  2266,
  1610,
  1602,
  34421,
  31456,
  1444,
  1433,
  32011,
  459025,
  178939,
  178856,
  94978,
  94937,
  788071,
  889123,
  210085,
  410201,
  153618,
  249317,
  189353,
  720730,
  720707,
  719646,
  719627,
  719615,
  719605,
  719590,
  720690,
  720679,
  719921,
  720630,
  25718,
  155477,
  658232,
  418357,
  174351,
  187184,
  174749,
  53751,
  53757,
  189331,
  268331,
  313686,
  313712,
  313679,
  313661,
  313692,
  313416,
  313396,
  313384,
  313372,
  313356,
  313348,
  915468,
  915493,
  915513,
  915530,
  915570,
  922978,
  915438,
  915313,
  915296,
  719667,
  719680,
  186771,
  54812,
  191123,
  247727,
  17161,
  17654,
  185962,
  184897,
  720076,
  720065,
  720032,
  720021,
  720003,
  719976,
  719964,
  719956,
  719905,
  184116,
  313651,
  313920,
  313432,
  738056,
  917686,
  1091189,
  916663,
  308567,
  17294,
  17293,
  17295,
  46991,
  18814,
  47940,
  17619,
  19768,
  140278,
  916966,
  916353,
  753690,
  753647,
  753614,
  313822,
  313834,
  120652,
  203515,
  148080,
  156795,
  156622,
  75821,
  75571,
  941775,
  941437,
  9190,
  184440,
  147873,
  58674,
  45256,
  175966,
  173852,
  738830,
  500884,
  501682,
  500957,
  501030,
  500999,
  501054,
  501395,
  699158,
  989725,
  698192,
  880576,
  385809,
  385836,
  385889,
  385931,
  385952,
  824859,
  824606,
  824635,
  880401,
  880779,
  73201,
  78747,
  40964,
  182341,
  30496,
  880361,
  386233,
  386306,
  386288,
  386273,
  386260,
  386243,
  989472,
  328268,
  881952,
  928145,
  788094,
  184001,
  63115,
  63302,
  17163,
  17164,
  32400,
  27569,
  17271,
  17088,
  1249051,
  856461,
  881339,
  385736,
  385796,
  824683,
  880958,
  881083,
  824991,
  645758,
  698735,
  148040,
  147765,
  950160,
  182661,
  72435,
  73703,
  152365,
  80983,
  62271,
  149597,
  118979,
  232555,
  545755,
  631423,
  988625,
  148064,
  120475,
  148084,
  146779,
  151191,
  44901,
  36898,
  86143,
  47772,
  54597,
  7623,
  106214,
  107146,
  68071,
  44456,
  38823,
  38829,
  46429,
  79066,
  44442,
  108663,
  108888,
  105849,
  27274,
  50434,
  29662,
  29653,
  941628,
  45063,
  128397,
  32592,
  20160,
  20264,
  23588,
  19521,
  128565,
  53213,
  206527,
  41974,
  41971,
  32633,
  51245,
  51284,
  51248,
  53194,
  183831,
  988621,
  1207938,
  1207928,
  1207923,
  988488,
  988605,
  988598,
  988618,
  988555,
  988507,
  988505,
  988502,
  988614,
  988501,
  988498,
  988579,
  1208034,
  988492,
  988574,
  988586,
  988520,
  1208011,
  1207993,
  1207983,
  1207971,
  1207962,
  1208040,
  1208046,
  75032,
  53737,
  53978,
  54738,
  941551,
  97573,
  70669,
  83287,
  69457,
  42778,
  42839,
  42853,
  42829,
  42822,
  42810,
  42807,
  1207951,
  1207942,
  1208021,
  1207910,
  988550,
  1208029,
  1208059,
  988563,
  988571,
  988546,
  1207998,
  1207917,
  988547,
  988554,
  988542,
  988483,
  988529,
  608625,
  1141513,
  608570,
  69379,
  53388,
  55680,
  120840,
  88315,
  70671,
  42850,
  42864,
  42824,
  42869,
  1403761,
  1403774,
  1403770,
  1403873,
  1403777,
  1403783,
  1403801,
  1403789,
  1403779,
  1403879,
  1405212,
  1405112,
  88912,
  8924,
  69468,
  49735,
  1405141,
  1404265,
  1403713,
  1403906,
  1404009,
  1404313,
  1404347,
  1404910,
  1405085,
  1405097,
  1404742,
  1405180,
  1404893,
  1404862,
  32732,
  864488,
  23641,
  23680,
  23748,
  25068,
  23739,
  121356,
  121150,
  121122,
  279663,
  277866,
  279088,
  920721,
  540558,
  650490,
  50196,
  54361,
  23587,
  941507,
  540281,
  26199,
  23608,
  23643,
  27572,
  23743,
  42951,
  42944,
  32687,
  32722,
  15918,
  26427,
  15973,
  42325,
  45493,
  399661,
  278799,
  276972,
  44578,
  44619,
  44785,
  44973,
  44551,
  44670,
  44812,
  44803,
  44664,
  44591,
  44845,
  44855,
  41978,
  58656,
  23694,
  23695,
  23696,
  276941,
  399560,
  277149,
  55373,
  44492,
  399770,
  399733,
  399798,
  48030,
  579948,
  952976,
  958511,
  50304,
  8612,
  26600,
  920855,
  8864,
  120764,
  279187,
  279161,
  399589,
  457254,
  68195,
  70032,
  70693,
  61035,
  399694,
  399651,
  67530,
  75188,
  399709,
  278473,
  399674,
  29071,
  85765,
  78183,
  79141,
  33266,
  8729,
  11118,
  399619,
  277315,
  8661,
  69477,
  112520,
  70009,
  958519,
  306388,
  589714,
  958548,
  958477,
  58466,
  85781,
  95194,
  32452,
  32451,
  32455,
  32453,
  44421,
  239996,
  56447,
  17729,
  17509,
  62564,
  46416,
  44116,
  45195,
  47193,
  43882,
  55809,
  65122,
  68413,
  17283,
  17282,
  31278,
  31282,
  31281,
  7791,
  17269,
  7716,
  7746,
  11116,
  270101,
  46979,
  45231,
  32307,
  47011,
  32746,
  32717,
  32406,
  32368,
  32377,
  32706,
  32239,
  32336,
  32786,
  32785,
  32781,
  32359,
  32779,
  45186,
  50947,
  23627,
  49104,
  61457,
  48648,
  73288,
  49106,
  30460,
  25073,
  25075,
  17601,
  23717,
  38366,
  79499,
  45800,
  46995,
  25044,
  17290,
  17253,
  49744,
  64893,
  220216,
  17288,
  17287,
  17286,
  17263,
  128679,
  941494,
  1105720,
  1018608,
  1069414,
  1227729,
  920771,
  455860,
  256804,
  245472,
  344690,
  920636,
  242201,
  277120,
  1321875,
  247755,
  801214,
  1048750,
  1167560,
  899731,
  1224389,
  1148503,
  76153,
  76196,
  540590,
  920919,
  210066,
  920977,
  76182,
  76129,
  76119,
  953040,
  958463,
  941758,
  77536,
  369501,
  941670,
  920323,
  953035,
  920675,
  922270,
  479084,
  76766,
  67744,
  62647,
  97556,
  62572,
  72420,
  72409,
  887625,
  1099659,
  1248338,
  1248301,
  590356,
  1035413,
  894129,
  1017486,
  1017658,
  827835,
  1018016,
  827727,
  1024269,
  985198,
  828714,
  828770,
  953029,
  922309,
  357353,
  922330,
  1018475,
  899216,
  1017423,
  1022906,
  984917,
  985361,
  1018981,
  1023460,
  1023240,
  828178,
  965249,
  985108,
  1018367,
  827897,
  943138,
  827982,
  828468,
  899490,
  899686,
  943095,
  900087,
  894692,
  899998,
  827051,
  958486,
  192475,
  827148,
  1023555,
  898695,
  898745,
  899028,
  1018528,
  829033,
  828320,
  830705,
  985322,
  1022687,
  874024,
  1024745,
  896168,
  826874,
  828580,
  899322,
  985397,
  829486,
  894983,
  896342,
  827532,
  896442,
  827409,
  827350,
  1018784,
  1019293,
  826223,
  826956,
  1017048,
  1023651,
  826349,
  826517,
  985428,
  985047,
  828084,
  985213,
  899784,
  894418,
  1224423,
  1224462,
  1224449,
  1183902,
  1183896,
  1183899,
  1183901,
  1092590,
  848275,
  848361,
  848166,
  927988,
  927940,
  848494,
  848616,
  847917,
  957892,
  848547,
  928127,
  939568,
  939583,
  939600,
  1100595,
  958192,
  1092799,
  1101040,
  1090417,
  848662,
  958083,
  958100,
  958118,
  1092696,
  958143,
  958168,
  1100972,
  1091224,
  960541,
  1091321,
  1091713,
  1091787,
  1091841,
  1091898,
  1091975,
  1092012,
  1092052,
  958235,
  958262,
  985574,
  985508,
  985422,
  939752,
  939732,
  928177,
  1092734,
  1092391,
  1102639,
  1102236,
  1102261,
  117143,
  87463,
  920784,
  44097,
  1101275,
  1101706,
  1101808,
  1101216,
  1101854,
  1101902,
  1102741,
  1087212,
  1101942,
  1101972,
  927787,
  1102000,
  1102023,
  1102062,
  1102076,
  1102123,
  1102091,
  927207,
  927685,
  18093,
  18096,
  25879,
  1101084,
  958360,
  1090603,
  960252,
  958033,
  960467,
  960505,
  1102321,
  1102344,
  1102370,
  927473,
  1102416,
  1102427,
  1102468,
  1102590,
  1102615,
  8140,
  48023,
  1101150,
  1092278,
  1092181,
  1092145,
  1092098,
  939716,
  1092509,
  927510,
  1102108,
  927534,
  927554,
  1101327,
  1101377,
  1101404,
  1101429,
  1102213,
  1102138,
  1102184,
  1102159,
  939768,
  1101248,
  1101460,
  848455,
  848408,
  1102276,
  1102298,
  779647,
  781344,
  781298,
  781171,
  781133,
  936625,
  936595,
  936609,
  936411,
  936387,
  936329,
  936715,
  936721,
  936738,
  779730,
  910200,
  779824,
  779915,
  780223,
  1207184,
  1207213,
  781214,
  781256,
  936315,
  936557,
  936512,
  936497,
  936487,
  936473,
  936439,
  936427,
  936763,
  936779,
  936587,
  936652,
  936578,
  936688,
  936703,
  1066991,
  1067012,
  1067080,
  25624,
  488991,
  561137,
  941520,
  181339,
  252531,
  242122,
  315415,
  26163,
  38610,
  38589,
  26154,
  49045,
  48659,
  45069,
  135509,
  161701,
  161736,
  161711,
  161706,
  161702,
  195204,
  195217,
  195191,
  86421,
  125355,
  117092,
  86798,
  14567,
  124906,
  86523,
  161728,
  371727,
  920860,
  341826,
  151645,
  920981,
  160408,
  487000,
  920662,
  260518,
  307528,
  941735,
  941721,
  941414,
  260439,
  941794,
  44096,
  48862,
  46271,
  62780,
  48802,
  49103,
  77398,
  960108,
  102114,
  567407,
  48900,
  137425,
  139170,
  314361,
  314994,
  114801,
  119409,
  24820,
  25810,
  38608,
  47882,
  26104,
  61320,
  38265,
  920629,
  920668,
  538653,
  920307,
  845433,
  845503,
  540769,
  246092,
  214711,
  271338,
  249158,
  198413,
  161727,
  161717,
  161714,
  195224,
  195223,
  195210,
  195209,
  161724,
  125440,
  51362,
  49456,
  51368,
  51369,
  51390,
  51381,
  23356,
  33278,
  768536,
  119048,
  867647,
  941616,
  958490,
  941301,
  48016,
  93606,
  486498,
  102132,
  920600,
  48867,
  80646,
  49533,
  960099,
  46276,
  25471,
  25392,
  106854,
  941384,
  941475,
  153369,
  76406,
  941292,
  922988,
  93568,
  958552,
  958542,
  958565,
  958579,
  561289,
  958375,
  922388,
  945134,
  922530,
  867635,
  922854,
  649189,
  471315,
  93602,
  768583,
  377994,
  307717,
  540889,
  308150,
  941713,
  378029,
  255671,
  921780,
  920835,
  921820,
  304868,
  317464,
  963528,
  958652,
  803529,
  920806,
  920969,
  947988,
  127557,
  61693,
  101435,
  960799,
  963553,
  958642,
  962062,
  686793,
  960807,
  921384,
  649715,
  687025,
  867658,
  920626,
  920616,
  105071,
  49191,
  62501,
  62488,
  61095,
  90398,
  48520,
  48514,
  66468,
  110805,
  52556,
  52564,
  687430,
  929206,
  269205,
  928825,
  81685,
  67961,
  25516,
  650444,
  941742,
  185376,
  99787,
  921412,
  25593,
  25464,
  18138,
  269161,
  958659,
  958181,
  861531,
  687370,
  687266,
  249985,
  687291,
  963544,
  920820,
  958504,
  927746,
  649795,
  654486,
  762660,
  867818,
  861473,
  962940,
  861462,
  948029,
  691771,
  958497,
  654339,
  930998,
  898542,
  958590,
  898581,
  861583,
  960783,
  920264,
  551692,
  923293,
  958343,
  923371,
  49958,
  41553,
  41556,
  41557,
  41967,
  41430,
  49891,
  42324,
  19531,
  42355,
  42353,
  15760,
  23593,
  69499,
  70636,
  69532,
  70060,
  69611,
  70016,
  69593,
  70662,
  70328,
  50242,
  52154,
  53842,
  23726,
  23723,
  21014,
  21011,
  32346,
  32344,
  32241,
  958323,
  585400,
  928846,
  924177,
  928858,
  925489,
  923455,
  929199,
  547040,
  781536,
  923396,
  474810,
  872985,
  950236,
  654693,
  958470,
  682967,
  963560,
  921907,
  958326,
  342261,
  654641,
  963998,
  873032,
  921251,
  921257,
  900314,
  958696,
  921246,
  921236,
  271326,
  555905,
  900287,
  960610,
  302268,
  958638,
  958617,
  958613,
  958630,
  958624,
  929229,
  928899,
  928880,
  873036,
  920955,
  921296,
  754112,
  941538,
  925562,
  325873,
  313339,
  872877,
  958665,
  925522,
  925531,
  958672,
  963539,
  865451,
  921194,
  921200,
  960620,
  921226,
  921215,
  899578,
  568504,
  900527,
  936505,
  585343,
  920716,
  945169,
  936781,
  874264,
  925587,
  889359,
  650102,
  945499,
  865556,
  964065,
  964072,
  964005,
  963078,
  964261,
  299540,
  964244,
  964045,
  964274,
  938689,
  964268,
  960165,
  938758,
  895981,
  960656,
  920741,
  928911,
  299793,
  868116,
  925593,
  929323,
  963939,
  960040,
  936788,
  964056,
  959758,
  936792,
  925726,
  925710,
  925734,
  960317,
  961895,
  964051,
  889510,
  964281,
  964287,
  960151,
  961793,
  300166,
  929496,
  964211,
  958768,
  920234,
  941679,
  862562,
  475716,
  963059,
  959580,
  762889,
  960146,
  960139,
  960092,
  953006,
  961235,
  960855,
  945543,
  960881,
  961207,
  961212,
  868207,
  960083,
  961913,
  920796,
  960560,
  963822,
  958728,
  962976,
  920775,
  960046,
  549299,
  960194,
  921336,
  920682,
  921266,
  941697,
  963593,
  959771,
  936530,
  958171,
  959764,
  964014,
  921084,
  964097,
  921092,
  963984,
  896029,
  299745,
  959492,
  953105,
  959485,
  964182,
  299648,
  960010,
  920986,
  964175,
  964188,
  960077,
  964197,
  960087,
  868001,
  960063,
  960025,
  963749,
  963993,
  961780,
  961788,
  960116,
  960014,
  960053,
  921136,
  921146,
  921153,
  921098,
  954281,
  921113,
  921119,
  958734,
  921031,
  964027,
  963899,
  963903,
  963522,
  961182,
  963912,
  963888,
  925695,
  925644,
  925703,
  947889,
  694785,
  952999,
  654399,
  964020,
  920644,
  654429,
  863630,
  961497,
  961484,
  962967,
  961903,
  533834,
  920810,
  962956,
  960179,
  961219,
  961225,
  964202,
  960891,
  867392,
  920946,
  947955,
  868160,
  960160,
  862483,
  960199,
  960187,
  960174,
  930797,
  925665,
  954238,
  952971,
  964038,
  960209,
  960861,
  960219,
  964033,
  921280,
  963588,
  925603,
  959595,
  960060,
  868270,
  953215,
  960071,
  961073,
  868410,
  961618,
  961701,
  921557,
  917032,
  921550,
  935885,
  920960,
  868444,
  960248,
  873003,
  961008,
  961652,
  766682,
  961080,
  921497,
  961863,
  868425,
  867668,
  921503,
  961605,
  962136,
  953080,
  961660,
  868439,
  953085,
  962128,
  921542,
  921473,
  958393,
  921480,
  961490,
  960263,
  960257,
  963656,
  963661,
  920899,
  943116,
  963727,
  962070,
  961545,
  962109,
  961569,
  921586,
  960924,
  961051,
  676010,
  959726,
  921527,
  961513,
  920788,
  961502,
  964251,
  961628,
  961639,
  964337,
  949264,
  964328,
  920991,
  872991,
  953072,
  960945,
  922055,
  961740,
  961719,
  921374,
  954350,
  922109,
  943067,
  961508,
  921350,
  961675,
  921647,
  921625,
  959532,
  921060,
  961667,
  961754,
  921046,
  961681,
  959537,
  962094,
  962042,
  921593,
  920942,
  962080,
  959546,
  964399,
  964420,
  963677,
  961844,
  963613,
  961722,
  960000,
  959778,
  961748,
  921064,
  921000,
  921077,
  921007,
  963976,
  920934,
  961770,
  959991,
  61447,
  95582,
  85613,
  95579,
  85499,
  61289,
  960224,
  960214,
  865589,
  865604,
  933903,
  936806,
  925608,
  936811,
  759373,
  963028,
  963069,
  963035,
  867746,
  963882,
  964172,
  964233,
  964238,
  239682,
  958723,
  963515,
  941687,
  963485,
  958716,
  941416,
  191370,
  186625,
  342829,
  301497,
  921392,
  921403,
  198131,
  920698,
  115187,
  348603,
  162634,
  341836,
  101811,
  101422,
  24933,
  67272,
  958609,
  959671,
  959612,
  279504,
  921022,
  958185,
  933757,
  958333,
  960635,
  107884,
  958602,
  48144,
  25563,
  25556,
  25554,
  636453,
  964092,
  964162,
  960004,
  960020,
  960123,
  931124,
  964219,
  960032,
  961247,
  960134,
  920883,
  549561,
  960125,
  960156,
  960904,
  961307,
  921662,
  921670,
  921685,
  921681,
  868277,
  739313,
  920816,
  959588,
  964148,
  964154,
  963930,
  963925,
  964110,
  963786,
  868325,
  920727,
  930824,
  921040,
  962156,
  962162,
  922199,
  961459,
  920759,
  953101,
  922027,
  920606,
  921516,
  922048,
  959574,
  921974,
  921434,
  921444,
  921449,
  921459,
  961696,
  921567,
  921607,
  964371,
  964378,
  964358,
  964367,
  953091,
  921538,
  959502,
  868401,
  961686,
  961733,
  961706,
  961714,
  3667,
  307832,
  486741,
  344548,
  958361,
  953062,
  357330,
  920975,
  355083,
  953020,
  686847,
  920584,
  341272,
  205512,
  185525,
  921421,
  46279,
  961855,
  961872,
  961540,
  961645,
  961633,
  920895,
  921574,
  961578,
  921579,
  959560,
  943145,
  961584,
  961598,
  961623,
  961609,
  921618,
  959551,
  470753,
  674545,
  41223,
  837703,
  837239,
  837230,
  60285,
  64470,
  64506,
  839310,
  90112,
  838273,
  101824,
  838701,
  838667,
  286924,
  286926,
  102005,
  120958,
  280422,
  183898,
  121165,
  184170,
  837716,
  93955,
  143692,
  144011,
  92088,
  673080,
  672930,
  837391,
  837380,
  144007,
  837371,
  145463,
  89797,
  420471,
  420576,
  420594,
  837566,
  90369,
  838403,
  838414,
  236766,
  672961,
  672951,
  839198,
  839174,
  839303,
  90003,
  838491,
  838465,
  839292,
  838450,
  838780,
  839324,
  838566,
  838557,
  838606,
  838750,
  90795,
  672979,
  838162,
  838111,
  838771,
  838588,
  838146,
  838763,
  838658,
  183319,
  185900,
  839069,
  838530,
  672941,
  89660,
  838730,
  839219,
  839233,
  143168,
  672967,
  838389,
  839245,
  839092,
  838540,
  838626,
  837544,
  673880,
  839054,
  839042,
  184890,
  143606,
  837402,
  91214,
  90719,
  838085,
  838262,
  281030,
  838020,
  839282,
  838246,
  287231,
  286908,
  287233,
  182938,
  280104,
  237113,
  839130,
  280150,
  82867,
  84758,
  674618,
  287268,
  183828,
  183737,
  287286,
  287283,
  185633,
  237119,
  185513,
  280309,
  282215,
  674688,
  237163,
  282372,
  183504,
  185949,
  837918,
  837896,
  420701,
  420668,
  41272,
  144379,
  837426,
  837658,
  837672,
  837439,
  837642,
  420265,
  837410,
  837526,
  839265,
  838868,
  838899,
  837491,
  90157,
  90757,
  838547,
  838225,
  838713,
  90144,
  839163,
  143756,
  143203,
  90162,
  838375,
  145369,
  837258,
  837282,
  837301,
  171792,
  838809,
  837313,
  838834,
  420220,
  755685,
  14358,
  280366,
  673831,
  287151,
  280338,
  280325,
  673842,
  280336,
  143183,
  280393,
  287249,
  673141,
  674576,
  674237,
  674220,
  144863,
  280187,
  279847,
  281204,
  321262,
  172889,
  280144,
  184149,
  237677,
  280216,
  287244,
  672991,
  185724,
  238078,
  673950,
  674018,
  321253,
  321243,
  144871,
  172895,
  838135,
  282545,
  150379,
  287125,
  838297,
  838647,
  838639,
  838288,
  838679,
  838353,
  90296,
  90527,
  837328,
  91043,
  837223,
  143334,
  755666,
  145400,
  837249,
  838821,
  838005,
  237623,
  32177,
  31644,
  31606,
  837840,
  31585,
  837877,
  287199,
  287089,
  287112,
  286985,
  286984,
  286990,
  287287,
  287235,
  287232,
  286980,
  287091,
  420758,
  420838,
  420817,
  286998,
  837743,
  61890,
  61900,
  837687,
  837729,
  143713,
  89918,
  287093,
  237864,
  236584,
  287220,
  237667,
  286987,
  286982,
  286989,
  287230,
  287113,
  236557,
  286993,
  287296,
  287211,
  287367,
  238001,
  314445,
  287126,
  237662,
  237728,
  314141,
  326217,
  287304,
  287123,
  287000,
  287153,
  287300,
  287302,
  287310,
  286995,
  287290,
  286996,
  287117,
  287120,
  287115,
  287306,
  287309,
  237713,
  237857,
  287026,
  321099,
  237723,
  287114,
  287102,
  287100,
  237861,
  237817,
  183980,
  287104,
  287142,
  47779,
  49567,
  112338,
  49756,
  287002,
  287003,
  237824,
  287225,
  237806,
  287317,
  237808,
  287185,
  96922,
  673004,
  287256,
  237835,
  237836,
  314401,
  287219,
  314406,
  314408,
  237765,
  287258,
  287006,
  237691,
  287005,
  287218,
  287011,
  673963,
  237844,
  100317,
  93900,
  37848,
  146668,
  123615,
  127467,
  125792,
  376023,
  287312,
  287010,
  237829,
  287004,
  673994,
  287141,
  287150,
  321135,
  287314,
  287193,
  139998,
  139270,
  125275,
  287134,
  237615,
  287190,
  287009,
  287139,
  287008,
  271704,
  149863,
  149896,
  146544,
  150147,
  169489,
  138600,
  237949,
  238013,
  679846,
  287275,
  237268,
  287272,
  673421,
  287035,
  287043,
  287041,
  238008,
  238005,
  419604,
  237884,
  287014,
  218546,
  237848,
  287013,
  287321,
  287106,
  287319,
  287222,
  141764,
  141904,
  287012,
  237840,
  674799,
  219179,
  287401,
  141629,
  147349,
  674155,
  287436,
  674187,
  287071,
  418704,
  139969,
  674124,
  287019,
  287061,
  287427,
  287422,
  418431,
  839116,
  287064,
  674173,
  147808,
  418383,
  287068,
  673023,
  287037,
  287039,
  237944,
  287066,
  172919,
  156088,
  156257,
  171642,
  238003,
  287409,
  287096,
  287105,
  287251,
  325943,
  325852,
  156471,
  156582,
  674751,
  418762,
  673405,
  237919,
  287058,
  320976,
  287410,
  171283,
  287097,
  237257,
  325795,
  237270,
  325891,
  287059,
  673100,
  673041,
  418779,
  236662,
  287025,
  287023,
  419414,
  287260,
  287415,
  419882,
  320144,
  294852,
  419392,
  674607,
  314318,
  659904,
  674663,
  287127,
  287419,
  287420,
  287454,
  673016,
  287447,
  287118,
  673757,
  236626,
  236623,
  325818,
  325871,
  325909,
  287278,
  287282,
  674650,
  325744,
  287116,
  287279,
  325863,
  287456,
  287079,
  287408,
  325768,
  673413,
  755643,
  287052,
  287049,
  287069,
  287047,
  660263,
  660198,
  660004,
  419148,
  417678,
  287031,
  287028,
  287030,
  674059,
  287083,
  237260,
  287122,
  417892,
  287057,
  287045,
  674729,
  217990,
  321523,
  172726,
  837993,
  839140,
  837980,
  837942,
  837344,
  838854,
  838865,
  145569,
  673819,
  673809,
  673795,
  673765,
  673774,
  673788,
  837359,
  838478,
  1130073,
  1276373,
  937753,
  470780,
  986708,
  674263,
  660333,
  674555,
  674206,
  218857,
  314373,
  287131,
  674591,
  287339,
  287136,
  673092,
  287132,
  287129,
  320825,
  287386,
  287095,
  236909,
  287335,
  287197,
  237628,
  237573,
  287088,
  287143,
  287110,
  673914,
  144784,
  838614,
  839103,
  837608,
  673862,
  837582,
  673875,
  172298,
  172274,
  837619,
  61834,
  837828,
  61785,
  837770,
  837780,
  287183,
  237910,
  287318,
  287293,
  287316,
  673051,
  755704,
  839076,
  237755,
  315290,
  314466,
  287082,
  238063,
  287078,
  674767,
  287074,
  287076,
  674139,
  673431,
  674779,
  287073,
  325843,
  325718,
  419334,
  237555,
  419077,
  320194,
  320137,
  325781,
  320101,
  287056,
  320092,
  320202,
  287054,
  320939,
  418075,
  218988,
  837962,
  660058,
  660124,
  839318,
  286896,
  321348,
  838311,
  673897,
  673932,
  145182,
  280401,
  41226,
  837867,
  41251,
  41248,
  41230,
  41229,
  41218,
  31648,
  31654,
  31619,
  145520,
  125411,
  147137,
  185097,
  185074,
  186001,
  185307,
  186229,
  186170,
  32267,
  32248,
  41644,
  41648,
  32787,
  32788,
  41684,
  49854,
  34546,
  41676,
  32712,
  83598,
  32339,
  32317,
  49654,
  49795,
  42481,
  41583,
  49636,
  49634,
  42045,
  111181,
  49637,
  42348,
  42055,
  41545,
  41574,
  41959,
  41389,
  41394,
  44105,
  42347,
  70419,
  70411,
  83020,
  82990,
  70073,
  83790,
  82525,
  42354,
  42352,
  15953,
  111178,
  111897,
  83794,
  82686,
  88475,
  112584,
  112576,
  112066,
  112069,
  182842,
  23678,
  24367,
  42337,
  250126,
  20933,
  26448,
  301928,
  188430,
  188372,
  185780,
  185157,
  112385,
  70537,
  186262,
  186315,
  186773,
  212612,
  212579,
  212519,
  111168,
  70050,
  60312,
  212422,
  60531,
  42009,
  70524,
  32250,
  32790,
  32426,
  37657,
  32332,
  32338,
  32330,
  40389,
  34853,
  231348,
  231658,
  231621,
  231326,
  40385,
  112188,
  224957,
  224983,
  248019,
  115159,
  49880,
  49811,
  42466,
  101949,
  109844,
  53451,
  231301,
  231388,
  42338,
  36149,
  50030,
  32789,
  49505,
  44005,
  32438,
  41747,
  224412,
  232930,
  224469,
  231576,
  224535,
  42012,
  34782,
  41892,
  32412,
  15958,
  32462,
  49764,
  17468,
  32461,
  44120,
  26902,
  32446,
  15689,
  112696,
  112613,
  160529,
  262343,
  256206,
  259982,
  165205,
  111871,
  112351,
  112616,
  112623,
  133941,
  133976,
  133470,
  134060,
  208732,
  160013,
  188346,
  154236,
  133733,
  223888,
  231422,
  133367,
  159470,
  133131,
  221684,
  200153,
  181865,
  188711,
  159913,
  182000,
  160592,
  159892,
  257704,
  257747,
  265663,
  265625,
  187033,
  265582,
  264162,
  231554,
  253097,
  252665,
  192837,
  193071,
  253388,
  252724,
  252785,
  252874,
  253028,
  257562,
  256066,
  257464,
  262409,
  82458,
  193486,
  264385,
  264300,
  264349,
  264870,
  259545,
  264750,
  259516,
  264587,
  160473,
  259461,
  262317,
  263278,
  263245,
  264989,
  264935,
  264894,
  61341,
  112634,
  224370,
  224355,
  224329,
  224270,
  112103,
  112116,
  112078,
  11683,
  159741,
  111855,
  111850,
  112122,
  23394,
  41861,
  112281,
  41521,
  26857,
  7320,
  34703,
  26511,
  32319,
  26471,
  23657,
  112442,
  23719,
  31870,
  133526,
  134278,
  204292,
  160720,
  41810,
  193158,
  193193,
  130012,
  2425,
  194074,
  194067,
  194103,
  194297,
  155548,
  155542,
  110089,
  11504,
  194268,
  21111,
  11466,
  57166,
  60779,
  70066,
  90892,
  91019,
  83445,
  130017,
  129927,
  83411,
  155558,
  68563,
  224374,
  188110,
  188146,
  70237,
  70208,
  111174,
  269722,
  23215,
  23265,
  23144,
  269769,
  31971,
  31967,
  32015,
  32209,
  44076,
  22834,
  112231,
  83255,
  39141,
  193996,
  9640,
  192146,
  285084,
  15625,
  44077,
  24464,
  194356,
  111995,
  44840,
  18408,
  43378,
  194241,
  54418,
  24524,
  50443,
  58542,
  13093,
  9638,
  21189,
  49687,
  49651,
  70045,
  21182,
  12223,
  56747,
  36177,
  25921,
  42356,
  41444,
  29191,
  14396,
  41434,
  41377,
  43387,
  46087,
  30455,
  34468,
  42327,
  192892,
  42035,
  42317,
  41901,
  34694,
  41407,
  37524,
  47357,
  193261,
  192955,
  37560,
  43467,
  48530,
  48535,
  48539,
  48434,
  48288,
  48327,
  47773,
  48475,
  47786,
  48541,
  48540,
  47816,
  44066,
  44071,
  47742,
  40129,
  47758,
  48342,
  48363,
  48307,
  167913,
  165345,
  81836,
  81388,
  48463,
  38868,
  48558,
  47729,
  17574,
  48413,
  43400,
  43672,
  43397,
  15621,
  15107,
  19011,
  75370,
  48595,
  48592,
  9278,
  37562,
  77850,
  68022,
  66696,
  59188,
  46140,
  68077,
  29159,
  10192,
  19809,
  44843,
  44824,
  9297,
  44861,
  168652,
  180874,
  43961,
  52552,
  43465,
  43462,
  65701,
  39378,
  43997,
  43989,
  43985,
  61762,
  53946,
  43974,
  39831,
  178172,
  39600,
  24765,
  39565,
  44859,
  44847,
  6061,
  180761,
  7202,
  146655,
  9112,
  72594,
  72279,
  93508,
  58320,
  171153,
  66429,
  72577,
  28135,
  45564,
  44014,
  38837,
  44114,
  41833,
  28661,
  44951,
  96754,
  176095,
  50832,
  58327,
  168713,
  8380,
  28928,
  67135,
  46120,
  30565,
  41839,
  30050,
  78324,
  46095,
  86383,
  30424,
  83332,
  175993,
  176001,
  176009,
  175218,
  30422,
  30428,
  30418,
  175253,
  175182,
  30413,
  30415,
  47289,
  15849,
  37572,
  37577,
  175205,
  175191,
  175234,
  39563,
  39560,
  24769,
  75787,
  44054,
  38835,
  43383,
  43428,
  43420,
  7034,
  24458,
  44036,
  44018,
  38890,
  59053,
  43423,
  8589,
  57879,
  43416,
  43418,
  57894,
  30559,
  164695,
  163430,
  30561,
  30568,
  140560,
  166044,
  56616,
  66742,
  36562,
  66738,
  17315,
  23309,
  23313,
  28133,
  28112,
  55944,
  53271,
  21626,
  129815,
  5605,
  44003,
  53125,
  81370,
  94127,
  93814,
  67489,
  9116,
  7207,
  9887,
  7276,
  28907,
  28906,
  28868,
  30329,
  90653,
  43635,
  29813,
  38845,
  29975,
  29347,
  41771,
  41816,
  88664,
  166092,
  30572,
  38088,
  39581,
  24689,
  30434,
  30436,
  28852,
  28850,
  28849,
  28847,
  7424,
  165204,
  180514,
  106327,
  175270,
  179283,
  131195,
  175968,
  175975,
  175988,
  47971,
  41787,
  36626,
  166692,
  129548,
  52026,
  28946,
  46155,
  52925,
  168810,
  168792,
  49598,
  91564,
  28950,
  77928,
  46126,
  46116,
  46130,
  38844,
  43447,
  38860,
  38857,
  38841,
  43441,
  43440,
  46945,
  52458,
  44112,
  89573,
  171951,
  175944,
  175961,
  147087,
  58365,
  175281,
  30439,
  29214,
  30437,
  30430,
  39597,
  39594,
  56916,
  171465,
  52009,
  120677,
  58582,
  124379,
  165952,
  165595,
  27477,
  156341,
  131748,
  56682,
  83288,
  99600,
  178433,
  44074,
  44073,
  33951,
  78750,
  43457,
  22059,
  29819,
  148687,
  176309,
  168967,
  43451,
  43453,
  93240,
  9284,
  80040,
  42532,
  36688,
  40691,
  43597,
  29826,
  29319,
  53185,
  30376,
  28260,
  58945,
  30373,
  16044,
  30453,
  30451,
  44827,
  30445,
  30441,
  30440,
  28916,
  28915,
  28914,
  169333,
  28945,
  29834,
  29833,
  66647,
  105458,
  174377,
  58061,
  214901,
  41768,
  36558,
  29948,
  16176,
  26753,
  22116,
  21656,
  33787,
  168861,
  78439,
  106379,
  91392,
  91531,
  175937,
  32112,
  29693,
  29690,
  43812,
  43395,
  30164,
  27438,
  29678,
  29681,
  44093,
  59114,
  29688,
  29683,
  44090,
  43380,
  9354,
  29720,
  29717,
  36429,
  17346,
  14161,
  44402,
  29712,
  29698,
  121025,
  158109,
  173909,
  158275,
  178471,
  155621,
  178452,
  147208,
  56712,
  9042,
  48396,
  27509,
  10244,
  40700,
  25002,
  75397,
  75377,
  36669,
  30378,
  150480,
  179833,
  172648,
  171658,
  169197,
  148978,
  128621,
  168571,
  115246,
  105546,
  98026,
  93255,
  51176,
  77186,
  58086,
  40893,
  171443,
  171456,
  106039,
  58116,
  93723,
  178517,
  106128,
  29748,
  114101,
  24306,
  30200,
  14605,
  30197,
  30193,
  30196,
  29844,
  29848,
  29850,
  25010,
  25013,
  42570,
  25000,
  28257,
  176136,
  106150,
  29881,
  44412,
  37332,
  29864,
  29859,
  44084,
  43381,
  34137,
  163463,
  158267,
  174032,
  174148,
  156751,
  168774,
  39090,
  54293,
  30454,
  30447,
  30450,
  178321,
  93379,
  87261,
  171631,
  169283,
  169275,
  169260,
  169251,
  169226,
  212816,
  197667,
  175439,
  155455,
  164516,
  124337,
  138367,
  175876,
  175869,
  105970,
  158945,
  175853,
  175858,
  128549,
  167941,
  164185,
  81348,
  75850,
  44107,
  81549,
  59889,
  61686,
  155488,
  171927,
  52531,
  141878,
  156184,
  59339,
  59348,
  212852,
  661988,
  662105,
  99672,
  74223,
  5107,
  171732,
  171225,
  82439,
  175983,
  176103,
  74628,
  178542,
  83454,
  8492,
  8491,
  22823,
  22826,
  41049,
  125247,
  13347,
  74447,
  24580,
  124846,
  248773,
  280945,
  279996,
  248994,
  30405,
  248316,
  249050,
  779567,
  31124,
  29986,
  29991,
  29989,
  30403,
  30402,
  28208,
  26261,
  36298,
  25105,
  30401,
  28354,
  52976,
  28709,
  30927,
  46022,
  128312,
  169060,
  178616,
  178601,
  144329,
  10266,
  29739,
  29769,
  29054,
  29053,
  51022,
  57106,
  74298,
  51024,
  114946,
  46010,
  25843,
  46032,
  46290,
  31122,
  31116,
  26120,
  31152,
  31144,
  45969,
  92970,
  76185,
  92363,
  143982,
  77550,
  77401,
  46172,
  46176,
  46152,
  46138,
  46144,
  46127,
  31135,
  25704,
  31138,
  31139,
  36261,
  45987,
  62984,
  174910,
  169544,
  172333,
  146370,
  144725,
  177305,
  173328,
  174067,
  176447,
  177452,
  177365,
  169474,
  176581,
  174122,
  176911,
  176881,
  176978,
  176521,
  18023,
  31126,
  31129,
  36274,
  25864,
  26082,
  178151,
  172369,
  176767,
  176683,
  77572,
  76566,
  177583,
  142806,
  76735,
  173233,
  922845,
  777323,
  1080746,
  831055,
  408276,
  1333175,
  1059528,
  1106703,
  665395,
  662083,
  248671,
  1158310,
  1405406,
  54158,
  54166,
  54079,
  63515,
  45897,
  30883,
  36140,
  36132,
  36147,
  36127,
  36158,
  36166,
  36151,
  36175,
  46078,
  36326,
  46072,
  46067,
  46051,
  36315,
  46055,
  26122,
  36337,
  26115,
  36269,
  31167,
  45947,
  45993,
  36434,
  45930,
  45957,
  46306,
  171105,
  53514,
  81571,
  67516,
  50601,
  153285,
  115423,
  106340,
  7137,
  9084,
  50574,
  50579,
  25027,
  29971,
  30410,
  26276,
  28342,
  30421,
  26268,
  25125,
  37324,
  28339,
  26273,
  29994,
  29336,
  30021,
  28321,
  30416,
  74099,
  98071,
  98068,
  59100,
  170524,
  175696,
  175737,
  124900,
  30435,
  29345,
  28800,
  26278,
  30429,
  26282,
  30425,
  175809,
  175756,
  175781,
  175795,
  115553,
  175724,
  175712,
  99908,
  81578,
  81575,
  120112,
  170516,
  170505,
  81403,
  30501,
  30498,
  28084,
  41864,
  28311,
  28705,
  153376,
  175489,
  105762,
  176389,
  176324,
  176296,
  30523,
  28685,
  30034,
  29356,
  30513,
  27429,
  30548,
  27528,
  179102,
  128451,
  100059,
  179074,
  179068,
  179088,
  171253,
  171262,
  50967,
  82668,
  82681,
  93423,
  93428,
  50908,
  119229,
  44271,
  40638,
  156663,
  156670,
  98882,
  171362,
  171193,
  73926,
  74909,
  28191,
  36476,
  156682,
  156674,
  158944,
  26824,
  28160,
  17413,
  21081,
  30224,
  30225,
  120135,
  106004,
  172701,
  175495,
  126645,
  170480,
  175847,
  102606,
  100023,
  175807,
  176039,
  176034,
  176021,
  170418,
  153411,
  74654,
  175827,
  145203,
  58915,
  175903,
  175821,
  175915,
  175922,
  106094,
  65901,
  120009,
  102710,
  176055,
  176050,
  29358,
  28804,
  30047,
  41859,
  28677,
  28682,
  28680,
  30036,
  30530,
  65408,
  92288,
  50899,
  66304,
  120634,
  74015,
  30235,
  29794,
  28944,
  30230,
  24692,
  175172,
  168892,
  158360,
  174058,
  174006,
  174135,
  174132,
  174120,
  174104,
  173809,
  173926,
  174074,
  27520,
  8552,
  28844,
  9168,
  6577,
  170430,
  124598,
  57077,
  74390,
  93495,
  131183,
  114443,
  45235,
  30542,
  30545,
  30544,
  29512,
  30538,
  41818,
  174092,
  176087,
  176073,
  158206,
  74664,
  29061,
  176131,
  156599,
  174166,
  174156,
  9393,
  13643,
  5637,
  5636,
  171280,
  170608,
  154530,
  179245,
  169387,
  169396,
  171716,
  171615,
  173877,
  173830,
  154773,
  158296,
  158311,
  156750,
  158289,
  82827,
  153820,
  58993,
  175165,
  37204,
  48247,
  27414,
  14025,
  26831,
  26653,
  55153,
  14372,
  14397,
  14480,
  77369,
  93149,
  26717,
  26707,
  26793,
  26713,
  93018,
  93225,
  45417,
  20961,
  20229,
  92470,
  9818,
  26481,
  26389,
  26409,
  26382,
  26367,
  21004,
  20652,
  20670,
  119747,
  122064,
  122118,
  122283,
  122276,
  144966,
  144551,
  173113,
  175608,
  173069,
  173595,
  213340,
  145352,
  214234,
  93113,
  26780,
  26602,
  26596,
  26608,
  26571,
  26543,
  26533,
  26548,
  26564,
  36838,
  778344,
  33927,
  33636,
  51074,
  33821,
  33837,
  33666,
  33833,
  33923,
  104235,
  283460,
  135633,
  255195,
  103232,
  246931,
  33992,
  34013,
  34004,
  33958,
  33954,
  33943,
  33908,
  33679,
  33691,
  33688,
  33700,
  235777,
  51163,
  168897,
  33314,
  33310,
  194325,
  135696,
  110668,
  132977,
  174578,
  168763,
  133107,
  133119,
  132904,
  132896,
  174535,
  174450,
  72147,
  72145,
  72150,
  72149,
  133444,
  174691,
  133137,
  135722,
  133914,
  305741,
  135806,
  191692,
  191696,
  51496,
  136117,
  51471,
  250053,
  282162,
  276430,
  269576,
  134155,
  250230,
  192318,
  133386,
  136314,
  173662,
  248692,
  34881,
  34878,
  34821,
  34759,
  34758,
  34743,
  34750,
  34754,
  34800,
  34545,
  34771,
  34767,
  34565,
  34765,
  34704,
  34702,
  65724,
  34696,
  34663,
  34651,
  34650,
  34630,
  34625,
  34620,
  34028,
  33988,
  98249,
  101749,
  110291,
  110362,
  15053,
  14730,
  305763,
  136245,
  274462,
  246807,
  246578,
  200643,
  114273,
  168580,
  98357,
  51629,
  110397,
  110250,
  105217,
  101932,
  84468,
  135883,
  246668,
  101821,
  110455,
  33347,
  34676,
  33315,
  65807,
  42927,
  35015,
  34996,
  34925,
  34913,
  34907,
  34875,
  34899,
  34865,
  177041,
  171565,
  176969,
  171667,
  248837,
  247936,
  273320,
  248558,
  180970,
  193524,
  250211,
  237286,
  176987,
  250969,
  250868,
  250824,
  181184,
  177706,
  192411,
  180407,
  251631,
  180425,
  180451,
  193618,
  251294,
  181097,
  249858,
  249792,
  249819,
  273449,
  250818,
  181788,
  249757,
  193401,
  193398,
  250863,
  288520,
  192648,
  288527,
  249171,
  192640,
  28681,
  220455,
  181837,
  251404,
  192388,
  192383,
  192377,
  247604,
  192470,
  193844,
  247651,
  193840,
  181162,
  181301,
  288523,
  250416,
  268012,
  192662,
  267961,
  192494,
  181579,
  192481,
  181268,
  192548,
  286387,
  192682,
  181063,
  252706,
  252666,
  180983,
  251054,
  192744,
  192625,
  192730,
  288541,
  192764,
  231901,
  192911,
  192899,
  220144,
  229225,
  192834,
  266589,
  266684,
  192879,
  192815,
  269799,
  193096,
  251149,
  193639,
  253046,
  181365,
  250460,
  250504,
  192435,
  251956,
  192705,
  181650,
  251131,
  266983,
  193332,
  266611,
  220504,
  251412,
  193769,
  194383,
  266854,
  253584,
  193317,
  194177,
  266722,
  251223,
  273311,
  266995,
  192721,
  251771,
  192863,
  192791,
  192850,
  270250,
  288581,
  288536,
  288531,
  266523,
  220222,
  194148,
  193587,
  267450,
  267098,
  267441,
  267258,
  269840,
  267652,
  267497,
  267755,
  193781,
  267229,
  220536,
  220592,
  194366,
  193483,
  193773,
  267395,
  193467,
  237281,
  193981,
  193961,
  193907,
  193854,
  269958,
  270057,
  267858,
  267641,
  193967,
  269876,
  193863,
  193867,
  267571,
  267580,
  267628,
  194334,
  270243,
  268096,
  269927,
  268171,
  268037,
  270016,
  270497,
  267840,
  267848,
  268079,
  194340,
  194421,
  268029,
  267909,
  194407,
  267872,
  273349,
  194278,
  267887,
  193804,
  194039,
  194288,
  267673,
  194013,
  193988,
  220181,
  270473,
  274379,
  270436,
  270209,
  270108,
  270399,
  220094,
  269937,
  269922,
  194312,
  269977,
  194319,
  269985,
  269866,
  220408,
  269998,
  288739,
  288727,
  220385,
  196216,
  196251,
  196055,
  195965,
  277345,
  196081,
  196075,
  196033,
  195953,
  270842,
  219269,
  270787,
  270753,
  195928,
  195927,
  195926,
  195922,
  195923,
  277108,
  277090,
  195925,
  195932,
  288746,
  220321,
  220344,
  220574,
  219911,
  196172,
  196175,
  271112,
  195997,
  196095,
  195985,
  237141,
  196181,
  196203,
  271096,
  271086,
  271072,
  278396,
  271163,
  289020,
  289016,
  196318,
  278592,
  196325,
  196071,
  288908,
  278276,
  282799,
  196647,
  196119,
  196257,
  196087,
  196134,
  196051,
  288973,
  288965,
  196168,
  196044,
  278096,
  196038,
  215919,
  271975,
  211339,
  232620,
  279272,
  283097,
  216375,
  216675,
  289077,
  289088,
  216224,
  237082,
  237093,
  237079,
  197429,
  232699,
  289348,
  236700,
  280032,
  273197,
  289366,
  273165,
  272739,
  219741,
  219763,
  219727,
  218823,
  236720,
  236717,
  236697,
  218568,
  236692,
  236728,
  273094,
  272976,
  272961,
  237088,
  237097,
  237075,
  216644,
  237071,
  272942,
  272873,
  272839,
  272815,
  216534,
  272713,
  196375,
  196607,
  196358,
  271462,
  288920,
  288914,
  278502,
  278133,
  232553,
  218625,
  218642,
  196594,
  289001,
  288984,
  196352,
  211473,
  210756,
  211454,
  210822,
  211407,
  196343,
  232528,
  196338,
  196542,
  277707,
  271323,
  232484,
  279050,
  196193,
  196185,
  271173,
  278288,
  278184,
  196761,
  271488,
  271498,
  271381,
  196883,
  280532,
  197090,
  196847,
  196836,
  196823,
  196812,
  197109,
  196701,
  196800,
  196784,
  196489,
  196576,
  196477,
  196454,
  196439,
  196419,
  237273,
  232539,
  270170,
  196518,
  271432,
  196512,
  196368,
  196634,
  232764,
  218940,
  218924,
  218900,
  273330,
  280239,
  219644,
  232715,
  280468,
  280446,
  283470,
  236809,
  239378,
  273314,
  237036,
  219619,
  251732,
  236689,
  219600,
  218874,
  281463,
  281445,
  281454,
  281447,
  219578,
  289126,
  289136,
  280056,
  218793,
  219503,
  218772,
  218735,
  219393,
  219420,
  289405,
  289355,
  281551,
  237001,
  273603,
  273587,
  237188,
  237185,
  281902,
  281897,
  236995,
  237161,
  282770,
  237246,
  273719,
  287657,
  236991,
  287655,
  237051,
  237157,
  237153,
  273706,
  273697,
  273651,
  273666,
  273679,
  273687,
  289277,
  282833,
  282826,
  237026,
  237010,
  237249,
  237248,
  232987,
  237229,
  237223,
  282843,
  237234,
  284830,
  237264,
  237192,
  237195,
  237200,
  270854,
  237261,
  233148,
  237269,
  233105,
  239465,
  239452,
  239434,
  237218,
  239399,
  233079,
  237166,
  237213,
  237150,
  237145,
  282836,
  287634,
  287642,
  287638,
  287637,
  252015,
  237179,
  251992,
  237175,
  306854,
  289509,
  287648,
  289483,
  289491,
  289468,
  237020,
  237170,
  237103,
  233162,
  233326,
  236943,
  127235,
  136274,
  235534,
  233250,
  274071,
  274092,
  274567,
  237482,
  237479,
  281783,
  237253,
  237472,
  237471,
  237254,
  251194,
  251246,
  274240,
  237255,
  237205,
  237241,
  237243,
  237240,
  233439,
  234352,
  232126,
  232133,
  260302,
  260245,
  233891,
  325847,
  264392,
  274268,
  274294,
  260236,
  289310,
  281813,
  281802,
  233838,
  260294,
  274637,
  274609,
  233748,
  274783,
  274762,
  251378,
  251487,
  281585,
  239496,
  239504,
  325816,
  250161,
  274245,
  250948,
  250333,
  289704,
  250865,
  289454,
  289437,
  289426,
  250239,
  289528,
  250979,
  250891,
  250915,
  249947,
  281417,
  249998,
  249964,
  234315,
  281527,
  234395,
  252321,
  252302,
  274472,
  234422,
  281510,
  281500,
  282155,
  281740,
  295465,
  251953,
  274367,
  251802,
  251786,
  251512,
  233686,
  251672,
  251689,
  252237,
  289666,
  282081,
  274672,
  274739,
  287625,
  233667,
  274692,
  274445,
  252189,
  252105,
  274397,
  274420,
  282134,
  249896,
  249918,
  232876,
  236793,
  236932,
  265536,
  236919,
  289181,
  236961,
  236843,
  236910,
  236903,
  236895,
  236839,
  236835,
  236831,
  289205,
  289200,
  236819,
  236744,
  236927,
  232822,
  236739,
  236734,
  325918,
  289215,
  236825,
  236822,
  236796,
  236783,
  236752,
  236758,
  236749,
  236763,
  236776,
  236779,
  273374,
  273400,
  273416,
  273445,
  232792,
  273574,
  273557,
  273540,
  280521,
  219787,
  219813,
  219797,
  289045,
  210981,
  271575,
  289039,
  289033,
  271601,
  271587,
  197387,
  210360,
  298693,
  211095,
  211117,
  210390,
  271530,
  197280,
  210848,
  210866,
  282079,
  210601,
  210550,
  210522,
  210498,
  196387,
  281562,
  281540,
  289026,
  232569,
  66858,
  70051,
  103070,
  102995,
  274414,
  135893,
  193448,
  288939,
  267317,
  193441,
  267005,
  267382,
  266836,
  220256,
  266892,
  193195,
  266703,
  196112,
  196104,
  196098,
  278277,
  196271,
  196266,
  271025,
  278241,
  278262,
  196067,
  288890,
  288903,
  288895,
  271038,
  288843,
  196010,
  196060,
  196058,
  288835,
  195969,
  288824,
  288829,
  288815,
  196224,
  196239,
  196218,
  196243,
  216100,
  215967,
  268509,
  248662,
  248712,
  248768,
  271751,
  279224,
  279289,
  219342,
  211318,
  279263,
  281571,
  271679,
  271699,
  211249,
  280121,
  232590,
  218680,
  271614,
  279072,
  237245,
  237252,
  287659,
  325876,
  289254,
  289271,
  289261,
  237133,
  237121,
  237116,
  237108,
  236953,
  236949,
  273620,
  273636,
  237031,
  273518,
  273501,
  273474,
  236967,
  236982,
  273735,
  266111,
  270652,
  236852,
  289238,
  289229,
  295182,
  274514,
  281724,
  281731,
  289653,
  234378,
  133488,
  247396,
  169569,
  274470,
  33547,
  233636,
  289340,
  289321,
  289300,
  289330,
  274154,
  274127,
  264376,
  252422,
  281886,
  281872,
  28134,
  103517,
  103514,
  90597,
  14942,
  27932,
  28132,
  27925,
  91289,
  91297,
  45822,
  105037,
  104868,
  104744,
  14991,
  8848,
  361747,
  102244,
  102538,
  27530,
  27469,
  27442,
  27322,
  223373,
  28152,
  27798,
  27787,
  27765,
  27703,
  27601,
  27630,
  27556,
  67319,
  230198,
  106623,
  106828,
  229732,
  230314,
  230308,
  230288,
  230299,
  230211,
  100519,
  95443,
  91663,
  91446,
  91432,
  91399,
  230338,
  230330,
  103462,
  230436,
  230426,
  952899,
  101280,
  358866,
  101113,
  28175,
  28163,
  28159,
  10738,
  105253,
  66842,
  75887,
  44571,
  70372,
  70118,
  77640,
  70529,
  26055,
  28126,
  31086,
  53236,
  176578,
  38863,
  38871,
  105351,
  70640,
  79793,
  26114,
  26091,
  21806,
  21809,
  27135,
  25443,
  142128,
  350219,
  66731,
  142797,
  10061,
  46180,
  105413,
  54445,
  28234,
  28351,
  28042,
  28016,
  28169,
  28167,
  31044,
  45785,
  31061,
  27007,
  29845,
  70499,
  80217,
  70616,
  70522,
  44770,
  44638,
  70375,
  105559,
  79049,
  160118,
  160125,
  79992,
  160206,
  176728,
  176459,
  176916,
  177049,
  70510,
  31063,
  66957,
  66524,
  24366,
  28408,
  16552,
  29011,
  89039,
  62731,
  69047,
  88070,
  54684,
  17201,
  87927,
  48726,
  11645,
  68824,
  112253,
  184377,
  183606,
  15519,
  95814,
  112279,
  256953,
  90958,
  256727,
  261243,
  325482,
  17668,
  39192,
  22340,
  17792,
  17033,
  22555,
  17666,
  43539,
  17010,
  22671,
  265858,
  40379,
  267982,
  267971,
  22266,
  259458,
  50640,
  22160,
  277217,
  60297,
  276261,
  53878,
  259176,
  258082,
  273071,
  49888,
  209987,
  273102,
  264431,
  265851,
  148628,
  39648,
  88271,
  22185,
  277301,
  21488,
  17752,
  276454,
  53792,
  53805,
  276431,
  53810,
  50641,
  50642,
  261843,
  260336,
  53814,
  64597,
  266974,
  258875,
  59408,
  259480,
  259440,
  149479,
  31910,
  17663,
  20698,
  40032,
  17697,
  259247,
  259258,
  260503,
  43643,
  22489,
  17640,
  22091,
  258883,
  17012,
  258376,
  267090,
  273112,
  53909,
  261945,
  56100,
  59567,
  209898,
  209759,
  276920,
  258068,
  276462,
  259842,
  148289,
  258840,
  277247,
  43779,
  265842,
  265834,
  54254,
  259510,
  267923,
  43537,
  43538,
  276404,
  277629,
  40187,
  54281,
  276409,
  40193,
  64621,
  265920,
  265800,
  52933,
  43664,
  40460,
  264365,
  40579,
  277185,
  272256,
  40044,
  277207,
  264357,
  66649,
  261860,
  148490,
  260312,
  20671,
  22303,
  22313,
  22088,
  22624,
  17661,
  259081,
  58790,
  209650,
  209679,
  209660,
  209636,
  259419,
  266713,
  272334,
  275202,
  258582,
  260362,
  260474,
  260486,
  258712,
  258598,
  181940,
  38523,
  43558,
  21461,
  261849,
  277520,
  43606,
  33883,
  277164,
  265792,
  265811,
  39462,
  43632,
  52291,
  64626,
  55830,
  40574,
  277172,
  40111,
  50464,
  277527,
  43637,
  43629,
  43679,
  40561,
  40503,
  273138,
  273130,
  277146,
  43646,
  65675,
  55858,
  53825,
  59426,
  59439,
  214569,
  53818,
  53790,
  17191,
  17076,
  17764,
  259166,
  277015,
  258869,
  272788,
  102442,
  261518,
  38503,
  40558,
  30282,
  277344,
  30278,
  30272,
  22714,
  39515,
  47382,
  258727,
  260510,
  275286,
  258801,
  259204,
  214973,
  258989,
  276256,
  260232,
  260238,
  261905,
  260198,
  275188,
  260193,
  250686,
  259264,
  276999,
  273475,
  275184,
  273511,
  260377,
  260460,
  250614,
  39604,
  52124,
  264771,
  264753,
  50487,
  39630,
  261815,
  264691,
  260351,
  265060,
  209843,
  209831,
  258145,
  273006,
  265135,
  148710,
  220639,
  149076,
  271843,
  261838,
  258938,
  182158,
  22556,
  22424,
  31911,
  40378,
  40376,
  20882,
  22580,
  54593,
  50413,
  64599,
  127548,
  260385,
  50644,
  53828,
  53838,
  53835,
  53831,
  67662,
  50406,
  220438,
  210251,
  258290,
  221210,
  273434,
  271743,
  261901,
  276211,
  260252,
  271956,
  273897,
  257781,
  259019,
  258993,
  250458,
  258908,
  148874,
  261832,
  261530,
  276328,
  272209,
  259188,
  148499,
  47384,
  277362,
  50476,
  272625,
  261571,
  261565,
  272630,
  272317,
  261573,
  271848,
  272300,
  276394,
  276391,
  259105,
  276385,
  272283,
  209690,
  272275,
  272253,
  39542,
  258961,
  50484,
  261681,
  64587,
  64427,
  165417,
  273177,
  40327,
  259143,
  268070,
  50636,
  268078,
  17013,
  258511,
  22538,
  22674,
  277376,
  22438,
  22545,
  34212,
  43832,
  259044,
  259433,
  53846,
  56430,
  64603,
  277499,
  261610,
  127140,
  266858,
  264715,
  264709,
  43640,
  50481,
  276606,
  250771,
  265426,
  22522,
  22537,
  268005,
  17649,
  265956,
  22533,
  22535,
  43580,
  21400,
  50472,
  206380,
  259063,
  276440,
  30977,
  30976,
  39719,
  20935,
  265886,
  20773,
  259090,
  259275,
  273289,
  271809,
  257454,
  258677,
  258694,
  258637,
  258641,
  214119,
  214088,
  259399,
  259394,
  214109,
  39994,
  17690,
  17835,
  17802,
  17703,
  258422,
  275234,
  260550,
  260534,
  260613,
  210118,
  273517,
  260672,
  260571,
  259255,
  260669,
  258397,
  272966,
  259243,
  258863,
  64580,
  53774,
  43609,
  258941,
  266524,
  260347,
  259281,
  43624,
  148648,
  267261,
  50417,
  277126,
  209562,
  261627,
  259428,
  148635,
  259447,
  272287,
  266756,
  53853,
  64616,
  277603,
  43626,
  50457,
  264673,
  265941,
  40535,
  273241,
  43547,
  271773,
  271780,
  271823,
  262049,
  39204,
  22333,
  40471,
  17014,
  21285,
  22529,
  172595,
  259383,
  257445,
  214154,
  172578,
  258308,
  258305,
  214068,
  257497,
  257506,
  266876,
  21224,
  261855,
  272485,
  259074,
  258087,
  209919,
  258828,
  261784,
  272268,
  275095,
  258098,
  259134,
  273081,
  261702,
  272971,
  261910,
  248466,
  260540,
  260521,
  272929,
  258544,
  273321,
  260136,
  273351,
  271907,
  165627,
  272920,
  273362,
  54202,
  65723,
  268036,
  50638,
  38351,
  53776,
  50397,
  209814,
  53783,
  37786,
  36847,
  30828,
  30759,
  30771,
  30762,
  380342,
  107084,
  949928,
  250299,
  106601,
  105776,
  36193,
  36190,
  30848,
  92961,
  92780,
  252434,
  252502,
  250729,
  249941,
  313355,
  36882,
  380570,
  250095,
  100039,
  949803,
  252574,
  147526,
  93248,
  919267,
  75376,
  86801,
  37049,
  74981,
  74808,
  88602,
  37003,
  36996,
  949689,
  30900,
  30893,
  30874,
  36159,
  36141,
  54009,
  54004,
  36234,
  53898,
  36214,
  250389,
  250640,
  171883,
  250683,
  171434,
  380846,
  379847,
  465544,
  171914,
  171931,
  249814,
  950015,
  249850,
  30644,
  40618,
  100350,
  54125,
  75799,
  86661,
  75036,
  75776,
  949761,
  75712,
  75677,
  86740,
  30726,
  30758,
  40623,
  440021,
  173195,
  465726,
  950092,
  173255,
  173240,
  465612,
  173663,
  172224,
  172139,
  173641,
  179091,
  474270,
  474451,
  465656,
  172102,
  465755,
  950148,
  179358,
  328110,
  475506,
  179349,
  950493,
  311919,
  312021,
  116007,
  92740,
  116000,
  100316,
  100304,
  125666,
  36516,
  319317,
  59396,
  36462,
  474095,
  173551,
  474061,
  179123,
  473964,
  474039,
  613315,
  30740,
  613337,
  474379,
  311013,
  475950,
  249758,
  920031,
  105878,
  661602,
  93200,
  327813,
  249967,
  106210,
  950186,
  950220,
  328315,
  328276,
  328383,
  348642,
  328242,
  328332,
  328199,
  465998,
  293464,
  172995,
  310547,
  310700,
  310710,
  221495,
  173116,
  465571,
  125567,
  43282,
  43237,
  59155,
  86553,
  28548,
  44283,
  43306,
  43305,
  94508,
  13413,
  86544,
  86542,
  71028,
  44519,
  44522,
  44267,
  44262,
  43285,
  44230,
  43338,
  43336,
  63630,
  69530,
  32320,
  86052,
  86032,
  34094,
  33727,
  19822,
  13204,
  110820,
  110866,
  126146,
  110318,
  110954,
  136300,
  135626,
  135743,
  135650,
  162883,
  163105,
  163083,
  197947,
  197916,
  176667,
  150245,
  162768,
  136554,
  1192840,
  1192778,
  1192799,
  1192825,
  1192625,
  1192652,
  1192608,
  1192586,
  1192572,
  1192556,
  1193151,
  1192439,
  1192407,
  1192458,
  1192545,
  1192531,
  1192480,
  1192466,
  94379,
  94432,
  1257992,
  1257989,
  1231143,
  1231234,
  1231178,
  1231220,
  204120,
  201546,
  200543,
  198187,
  204162,
  238177,
  256398,
  110994,
  136537,
  1192683,
  1193125,
  1193139,
  1192710,
  1192698,
  1192754,
  1192725,
  1192637,
  1192510,
  1192734,
  245202,
  59496,
  1257975,
  1257981,
  1193438,
  1192966,
  1193022,
  1193036,
  1193006,
  1192979,
  1192993,
  1193103,
  1193114,
  1193074,
  1193044,
  1192912,
  1192950,
  1192882,
  1192897,
  1192869,
  1192922,
  1192672,
  1192856,
  1231809,
  1258106,
  1258102,
  1258250,
  1258070,
  1258060,
  1258065,
  1258077,
  1231838,
  1231848,
  1258040,
  1258037,
  1258050,
  1231741,
  1258115,
  1258120,
  1231654,
  1231668,
  1231564,
  1258083,
  1258091,
  1258244,
  1231378,
  1231798,
  1231770,
  1231782,
  1258033,
  1258023,
  1231260,
  1231280,
  1231198,
  1258000,
  45666,
  45654,
  43310,
  45461,
  45684,
  45681,
  45701,
  45704,
  43337,
  247248,
  28511,
  34370,
  34338,
  34091,
  34087,
  33801,
  34475,
  33795,
  34079,
  34295,
  34107,
  34105,
  34108,
  175185,
  205385,
  204930,
  204758,
  205344,
  205264,
  205217,
  205139,
  205072,
  205032,
  204983,
  204958,
  111888,
  111893,
  69034,
  51966,
  100362,
  13473,
  51551,
  42539,
  51575,
  51565,
  69129,
  79647,
  32823,
  32829,
  51515,
  16962,
  17054,
  17051,
  50198,
  42612,
  32198,
  32845,
  107686,
  140041,
  110696,
  110791,
  110662,
  184673,
  157437,
  115219,
  140201,
  144937,
  172998,
  173098,
  210473,
  171741,
  210412,
  169918,
  172828,
  172799,
  173017,
  210552,
  264978,
  173207,
  218430,
  145027,
  170601,
  167320,
  309106,
  170625,
  171095,
  170805,
  93347,
  99243,
  184872,
  184937,
  170733,
  170831,
  170859,
  170875,
  171070,
  171057,
  171030,
  171010,
  170964,
  170787,
  170982,
  171111,
  170943,
  170915,
  170897,
  167561,
  210585,
  167363,
  210622,
  167769,
  167678,
  173804,
  213734,
  202964,
  149134,
  119610,
  110060,
  210520,
  210443,
  145351,
  166818,
  166848,
  166296,
  210189,
  210710,
  166589,
  169676,
  170043,
  172984,
  167996,
  309051,
  79133,
  79679,
  99148,
  118248,
  56957,
  56952,
  26654,
  23083,
  32138,
  32123,
  215832,
  214930,
  215379,
  215405,
  18348,
  53457,
  34623,
  75724,
  25460,
  160135,
  71956,
  71964,
  160281,
  133313,
  46822,
  47263,
  74518,
  142549,
  142539,
  142526,
  142507,
  142485,
  110898,
  110904,
  54815,
  47085,
  71984,
  87879,
  71826,
  111041,
  45741,
  52859,
  160945,
  74336,
  74346,
  160338,
  44193,
  53864,
  160711,
  134120,
  160357,
  160316,
  160326,
  160128,
  133984,
  133495,
  160271,
  160146,
  160220,
  160252,
  160640,
  160637,
  160801,
  160803,
  160804,
  160657,
  160648,
  160766,
  160765,
  160768,
  160758,
  160755,
  160782,
  160784,
  160785,
  160787,
  160789,
  160791,
  160794,
  160855,
  160372,
  160844,
  160839,
  160833,
  160122,
  160873,
  194451,
  110827,
  110841,
  88154,
  111052,
  160914,
  160913,
  194436,
  160897,
  194428,
  160924,
  160884,
  160193,
  133647,
  134086,
  133565,
  160633,
  160630,
  160628,
  194482,
  194488,
  194492,
  194495,
  194498,
  194496,
  160021,
  159967,
  159978,
  159994,
  160001,
  159959,
  148624,
  148634,
  149044,
  159929,
  159935,
  142455,
  148491,
  148502,
  148612,
  160084,
  142448,
  142440,
  160029,
  160039,
  160049,
  160058,
  160065,
  194501,
  194500,
  194353,
  194344,
  194333,
  73791,
  160167,
  160158,
  73883,
  73896,
  73904,
  54154,
  142681,
  142697,
  142720,
  142566,
  142583,
  142599,
  142623,
  142638,
  142647,
  142659,
  142800,
  142789,
  142771,
  142740,
  194409,
  194412,
  194405,
  134145,
  160799,
  110964,
  87373,
  87300,
  88830,
  88804,
  44351,
  44614,
  44632,
  44655,
  160179,
  160186,
  160112,
  194456,
  82851,
  54180,
  42091,
  82299,
  82272,
  41708,
  41640,
  41667,
  41908,
  42112,
  53416,
  53412,
  53801,
  85918,
  85893,
  85876,
  85927,
  85924,
  85915,
  85909,
  85906,
  85961,
  85956,
  85947,
  33824,
  33820,
  33723,
  33689,
  82597,
  34095,
  33882,
  130990,
  131415,
  131019,
  129024,
  129219,
  128072,
  128066,
  129464,
  129275,
  129270,
  129254,
  129205,
  130859,
  130864,
  130882,
  158613,
  158627,
  158518,
  158555,
  158581,
  158601,
  157792,
  128682,
  128577,
  128374,
  128266,
  131840,
  131691,
  128039,
  128097,
  128080,
  130975,
  131878,
  130931,
  130925,
  130890,
  53239,
  82812,
  232159,
  41297,
  41296,
  34123,
  158205,
  72809,
  57038,
  57083,
  57122,
  56637,
  40349,
  118066,
  127144,
  118843,
  118109,
  126978,
  126946,
  127201,
  121031,
  144281,
  139261,
  127440,
  138106,
  146480,
  146451,
  146442,
  146407,
  165126,
  165525,
  166551,
  166527,
  166147,
  164473,
  174415,
  166003,
  174470,
  117537,
  120124,
  118000,
  120943,
  138327,
  145863,
  145740,
  137564,
  225817,
  77492,
  76966,
  76892,
  68960,
  68913,
  83608,
  89193,
  83194,
  44780,
  45274,
  45642,
  31766,
  56504,
  65614,
  99128,
  50064,
  50060,
  107371,
  107376,
  68523,
  62905,
  98803,
  220800,
  103047,
  179048,
  50017,
  64371,
  49969,
  88949,
  83809,
  137596,
  137746,
  183805,
  164810,
  205808,
  206415,
  204087,
  205945,
  205436,
  251647,
  106560,
  108281,
  233609,
  220962,
  233102,
  163899,
  166187,
  231840,
  252284,
  83741,
  220752,
  252028,
  252089,
  99325,
  98872,
  233557,
  137699,
  137888,
  65570,
  50021,
  186720,
  179597,
  196276,
  196002,
  55090,
  185777,
  84019,
  92952,
  83906,
  80118,
  84063,
  84117,
  97895,
  97879,
  97897,
  97885,
  97886,
  118830,
  118874,
  152861,
  177247,
  148190,
  176211,
  152693,
  177565,
  177511,
  84409,
  91981,
  117694,
  117081,
  177159,
  102427,
  101203,
  98403,
  81140,
  310121,
  111079,
  95246,
  226762,
  164776,
  851806,
  1158375,
  185796,
  80801,
  80690,
  82443,
  82315,
  82205,
  173279,
  101510,
  215499,
  1158319,
  1157735,
  1157661,
  1156613,
  1034323,
  358982,
  240238,
  240277,
  1157520,
  1157299,
  133818,
  144810,
  122862,
  122881,
  1046317,
  1043732,
  1157985,
  1043335,
  851750,
  255429,
  125681,
  1278247,
  253148,
  317162,
  219976,
  1034449,
  217619,
  310327,
  383675,
  310629,
  313788,
  207173,
  309154,
  310827,
  310721,
  310673,
  851870,
  1180048,
  264073,
  600758,
  311895,
  367330,
  150770,
  600665,
  495953,
  495649,
  495744,
  495696,
  584663,
  495819,
  496052,
  187513,
  480236,
  421246,
  154568,
  256994,
  351953,
  851375,
  496127,
  283932,
  538209,
  560178,
  851668,
  238197,
  851456,
  851529,
  851592,
  319662,
  537633,
  537967,
  330598,
  259052,
  1076011,
  1081186,
  383286,
  343689,
  959735,
  1039109,
  650404,
  205407,
  173137,
  194446,
  358481,
  1180036,
  214210,
  146784,
  82706,
  538073,
  281339,
  176942,
  604350,
  1278189,
  361395,
  182721,
  241396,
  480422,
  303948,
  303885,
  284633,
  610136,
  610069,
  610075,
  610088,
  82199,
  329370,
  123731,
  142829,
  369391,
  803663,
  182616,
  310075,
  310179,
  310246,
  310032,
  211873,
  319110,
  1057322,
  1058591,
  506744,
  339572,
  343200,
  856440,
  29974,
  260161,
  976890,
  1385481,
  979291,
  978858,
  979347,
  979317,
  978142,
  920012,
  503033,
  1300401,
  217316,
  897026,
  1067137,
  781920,
  781881,
  278076
]